step,return,dt_ratio,syst_return,trajectory,std_return,cont_cunt
3050,396.9005180056643,"{0: [0, 0, 0, 0, 0, 0, 0, 0, 0, 0, 0, 0, 0, 3, 6, 5, 23, 57, 98, 79, 83, 102, 40, 5, 0, 0, 0, 0, 0, 0]}",[396.9005180056643],"{'state': array([[ 0.00000000e+00,  0.00000000e+00,  0.00000000e+00,
         0.00000000e+00,  0.00000000e+00],
       [-2.52352026e-03, -9.99999821e-01,  5.95262565e-04,
        -1.10621661e-01, -1.70126304e-01],
       [ 5.90047687e-02, -9.96334553e-01, -8.55419040e-02,
         7.56188869e-01,  1.03472328e+00],
       [ 2.51715660e-01, -9.48567331e-01, -3.16575497e-01,
         1.50479162e+00,  1.63486707e+00],
       [ 6.28771424e-01, -7.98523188e-01, -6.01963997e-01,
         2.45610428e+00,  1.59688258e+00],
       [ 1.17499983e+00, -6.50663674e-01, -7.59366035e-01,
         3.29340196e+00,  5.78041911e-01],
       [ 1.86508346e+00, -7.06950247e-01, -7.07263231e-01,
         1.79913020e+00, -3.12672973e+00],
       [ 1.82056165e+00, -8.25077653e-01,  5.65019369e-01,
        -6.38078749e-01, -6.44455338e+00],
       [ 1.64856231e+00,  2.11095423e-01,  9.77465451e-01,
        -9.01961863e-01, -3.57182884e+00],
       [ 1.41054082e+00,  6.12265706e-01,  7.90652096e-01,
        -1.28987825e+00, -5.35668194e-01],
       [ 1.25167644e+00,  5.94323575e-01,  8.04225981e-01,
        -3.82125974e-01,  7.82395363e-01],
       [ 1.10939920e+00,  1.21594928e-01,  9.92579818e-01,
        -8.76309276e-01,  3.92805386e+00],
       [ 9.95062649e-01, -8.55214179e-01,  5.18274724e-01,
        -1.68709397e-01,  6.97006416e+00],
       [ 9.35235441e-01, -5.67738950e-01, -8.23208630e-01,
        -5.06323457e-01,  5.89882183e+00],
       [ 8.67079079e-01,  2.78258532e-01, -9.60506201e-01,
        -1.66404873e-01,  3.30661726e+00],
       [ 7.86669135e-01,  6.67776346e-01, -7.44361997e-01,
        -5.44953644e-01,  9.17807400e-01],
       [ 6.18862569e-01,  6.67508185e-01, -7.44602501e-01,
        -9.80559945e-01, -9.21234727e-01],
       [ 3.54548186e-01,  2.84834206e-01, -9.58576798e-01,
        -1.44076109e+00, -3.24377298e+00],
       [-6.17443100e-02, -7.39179790e-01, -6.73508167e-01,
        -2.24589682e+00, -6.58975554e+00],
       [-6.18101180e-01, -6.49849892e-01,  7.60062575e-01,
        -2.64681435e+00, -6.97063208e+00],
       [-1.18640852e+00,  5.01555920e-01,  8.65125239e-01,
        -2.37281299e+00, -3.79665351e+00],
       [-1.74903476e+00,  8.95744264e-01,  4.44569707e-01,
        -2.53860188e+00, -1.48974073e+00],
       [-1.84632206e+00,  9.32459712e-01, -3.61273974e-01,
         3.61423045e-01, -5.15615273e+00],
       [-1.68377650e+00, -3.22684109e-01, -9.46506739e-01,
         9.18055832e-01, -8.26150703e+00],
       [-1.51639390e+00, -7.77510166e-01,  6.28870368e-01,
         9.21345055e-01, -8.92792320e+00],
       [-1.30288661e+00,  6.38463914e-01,  7.69651771e-01,
         1.03540409e+00, -6.13103294e+00],
       [-1.13904965e+00,  9.72384632e-01, -2.33384147e-01,
         4.13517207e-01, -4.43518066e+00],
       [-1.09457004e+00,  1.67917207e-01, -9.85801101e-01,
        -8.08583274e-02, -6.18890285e+00],
       [-1.13260329e+00, -9.89134192e-01, -1.47015512e-01,
        -2.55752444e-01, -8.55728722e+00],
       [-1.21109259e+00,  1.17615595e-01,  9.93059218e-01,
        -3.25494111e-01, -6.61937857e+00],
       [-1.31287348e+00,  9.52787817e-01,  3.03636879e-01,
        -6.74497783e-01, -4.03568506e+00],
       [-1.52559841e+00,  8.63386512e-01, -5.04543066e-01,
        -1.17463398e+00, -3.70241904e+00],
       [-1.70738590e+00, -1.00806490e-01, -9.94906068e-01,
        -5.66353619e-01, -6.77319193e+00],
       [-1.80270839e+00, -9.69110370e-01,  2.46627465e-01,
        -1.57730043e-01, -7.91439438e+00],
       [-1.80312622e+00,  1.45545959e-01,  9.89351511e-01,
         2.22659297e-02, -5.20448399e+00],
       [-1.80093074e+00,  8.48585188e-01,  5.29058754e-01,
         1.77811657e-03, -2.60372734e+00],
       [-1.80077231e+00,  9.91133749e-01,  1.32867768e-01,
         1.48067527e-04, -1.63558531e+00],
       [-1.80090094e+00,  9.75809991e-01, -2.18620315e-01,
        -6.71395683e-05, -1.76472807e+00],
       [-1.80064976e+00,  7.43187189e-01, -6.69083536e-01,
         2.66185496e-04, -3.12990236e+00],
       [-1.72210419e+00, -1.43018231e-01, -9.89720047e-01,
         6.74309433e-01, -6.21384192e+00],
       [-1.67059803e+00, -9.36543822e-01,  3.50550592e-01,
        -1.01628810e-01, -8.56396675e+00],
       [-1.71401346e+00,  4.66758668e-01,  8.84384692e-01,
        -3.05847943e-01, -5.82635784e+00],
       [-1.81005967e+00,  9.98564482e-01,  5.35628609e-02,
        -3.34894121e-01, -4.30939198e+00],
       [-1.78548813e+00,  4.80100244e-01, -8.77213657e-01,
         3.80694300e-01, -6.54875231e+00],
       [-1.67600739e+00, -9.53500271e-01, -3.01392227e-01,
         6.01538897e-01, -9.08836555e+00],
       [-1.54899979e+00,  1.11200750e-01,  9.93797958e-01,
         6.57786191e-01, -7.29617977e+00],
       [-1.43613756e+00,  9.87334609e-01,  1.58651620e-01,
         2.76644379e-01, -4.82690144e+00]], dtype=float32), 'action': array([-0.08655969,  0.47024712,  0.46915692,  0.55811274,  0.5085539 ,
        0.3772989 , -0.21087739, -0.25822613, -0.18432993,  0.5463666 ,
       -0.24683681,  0.217322  , -0.10945909,  0.30912137, -0.19627458,
       -0.24574631, -0.23718351, -0.25917816, -0.20833871, -0.00895112,
       -0.06702547,  0.0305678 ,  0.4287241 ,  0.10356499, -0.19867998,
       -0.31995755, -0.16526823,  0.13465425, -0.23430327, -0.24422063,
       -0.22514325,  0.39226702,  0.3582065 , -0.3033389 , -0.24804465,
       -0.21004426, -0.28998524, -0.17407829,  0.42963174, -0.21604975,
       -0.33115846, -0.19366167,  0.3255328 ,  0.37885213, -0.17909545,
       -0.28041857, -0.11605434], dtype=float32), 'dt': array([14, 19, 17, 19, 19, 20, 23, 23, 22, 19, 22, 21, 22, 19, 22, 22, 22,
       23, 22, 23, 23, 21, 23, 21, 21, 22, 23, 21, 23, 22, 23, 22, 22, 22,
       23, 21, 22, 22, 21, 23, 23, 22, 21, 22, 23, 22, 22], dtype=int32), 'latent_action': array([[ 0.7545629 , -0.75121254],
       [-0.7416177 , -0.7705649 ],
       [-0.750341  , -0.7607717 ],
       [-0.7412704 , -0.7876531 ],
       [-0.7690734 , -0.78207755],
       [-0.78389263, -0.74227625],
       [ 0.80431086, -0.74459684],
       [ 0.799173  , -0.74310756],
       [ 0.6346979 , -0.7633047 ],
       [-0.7326626 , -0.7439052 ],
       [ 0.73756135, -0.7929138 ],
       [-0.12867817, -0.75175107],
       [ 0.53030545, -0.75901216],
       [-0.51416594, -0.7817281 ],
       [ 0.5325826 , -0.7495035 ],
       [ 0.6882539 , -0.7995919 ],
       [ 0.745587  , -0.7778727 ],
       [ 0.7134299 , -0.7549934 ],
       [ 0.7381558 , -0.77688265],
       [ 0.3447977 , -0.74653804],
       [ 0.2714796 , -0.7330086 ],
       [-0.05784736, -0.78669345],
       [-0.629298  , -0.82134926],
       [ 0.11955284, -0.7574672 ],
       [ 0.75750065, -0.7717775 ],
       [ 0.7506897 , -0.7784815 ],
       [ 0.6369128 , -0.7617701 ],
       [ 0.05335713, -0.74161375],
       [ 0.7385853 , -0.73742175],
       [ 0.6182431 , -0.78183794],
       [ 0.5980922 , -0.80193883],
       [-0.7489792 , -0.7693991 ],
       [-0.5776119 , -0.78902996],
       [ 0.7851217 , -0.7853108 ],
       [ 0.652236  , -0.7606946 ],
       [ 0.7323487 , -0.7270885 ],
       [ 0.68493783, -0.76889235],
       [ 0.43549657, -0.74326223],
       [-0.75308096, -0.79204655],
       [ 0.637265  , -0.7565295 ],
       [ 0.75740033, -0.7653793 ],
       [ 0.4804643 , -0.78787345],
       [-0.5484202 , -0.78560793],
       [-0.57184005, -0.78734654],
       [ 0.52786887, -0.74402165],
       [ 0.73015904, -0.7797935 ],
       [ 0.5571933 , -0.7858826 ]], dtype=float32), 'hybrid_action': array([[-0.08655969, -0.0842096 ],
       [ 0.47024712,  0.27438527],
       [ 0.46915692,  0.10894414],
       [ 0.55811274,  0.22932447],
       [ 0.5085539 ,  0.23435374],
       [ 0.3772989 ,  0.3053614 ],
       [-0.21087739,  0.53597045],
       [-0.25822613,  0.52083343],
       [-0.18432993,  0.42426363],
       [ 0.5463666 ,  0.24039067],
       [-0.24683681,  0.42742994],
       [ 0.217322  ,  0.3781645 ],
       [-0.10945909,  0.4385205 ],
       [ 0.30912137,  0.26829967],
       [-0.19627458,  0.43648914],
       [-0.24574631,  0.44560644],
       [-0.23718351,  0.43486652],
       [-0.25917816,  0.51352596],
       [-0.20833871,  0.43160275],
       [-0.00895112,  0.5177255 ],
       [-0.06702547,  0.5148369 ],
       [ 0.0305678 ,  0.37240672],
       [ 0.4287241 ,  0.5022454 ],
       [ 0.10356499,  0.36324883],
       [-0.19867998,  0.37903422],
       [-0.31995755,  0.46360114],
       [-0.16526823,  0.505142  ],
       [ 0.13465425,  0.35514292],
       [-0.23430327,  0.4917985 ],
       [-0.24422063,  0.46444067],
       [-0.22514325,  0.49395132],
       [ 0.39226702,  0.42319316],
       [ 0.3582065 ,  0.4326734 ],
       [-0.3033389 ,  0.47858495],
       [-0.24804465,  0.5067366 ],
       [-0.21004426,  0.36414832],
       [-0.28998524,  0.4317514 ],
       [-0.17407829,  0.46221417],
       [ 0.42963174,  0.38159445],
       [-0.21604975,  0.4876771 ],
       [-0.33115846,  0.51343244],
       [-0.19366167,  0.47704306],
       [ 0.3255328 ,  0.39992586],
       [ 0.37885213,  0.4748528 ],
       [-0.17909545,  0.4829792 ],
       [-0.28041857,  0.47232482],
       [-0.11605434,  0.47581962]], dtype=float32)}",92.17696862405148,50.10000000000001
3100,556.4226256818049,"{0: [0, 0, 0, 0, 0, 0, 0, 0, 4, 17, 57, 121, 132, 123, 37, 13, 12, 19, 29, 36, 34, 27, 18, 1, 0, 0, 0, 0, 0, 0]}",[556.4226256818049],"{'state': array([[ 0.00000000e+00,  0.00000000e+00,  0.00000000e+00,
         0.00000000e+00,  0.00000000e+00],
       [-4.52549495e-02, -9.98728573e-01,  5.04110605e-02,
        -3.46965909e-01, -4.64299351e-01],
       [-1.75886825e-02, -9.99924481e-01, -1.22893304e-02,
         6.36834681e-01,  1.09429574e+00],
       [ 1.71759546e-01, -9.56460476e-01, -2.91861951e-01,
         1.45895255e+00,  1.91810787e+00],
       [ 5.34547091e-01, -7.84497321e-01, -6.20132208e-01,
         2.35051489e+00,  1.80432785e+00],
       [ 1.08649921e+00, -6.09382510e-01, -7.92876422e-01,
         3.16988969e+00,  5.44248283e-01],
       [ 1.81830657e+00, -6.70572460e-01, -7.41844058e-01,
         3.07987976e+00, -1.97024810e+00],
       [ 1.84491777e+00, -8.64487410e-01,  5.02654493e-01,
        -3.58856171e-01, -6.45615625e+00],
       [ 1.74932134e+00,  8.44554417e-03,  9.99964356e-01,
        -6.61499500e-01, -4.33700085e+00],
       [ 1.58549142e+00,  5.54778874e-01,  8.31997812e-01,
        -1.01402462e+00, -1.48520267e+00],
       [ 1.40919352e+00,  6.21920824e-01,  7.83080101e-01,
        -1.06263471e+00,  4.90318775e-01],
       [ 1.16372156e+00,  3.03855091e-01,  9.52718258e-01,
        -1.37278914e+00,  3.18253589e+00],
       [ 9.48206484e-01, -6.19054615e-01,  7.85347939e-01,
        -6.20860279e-01,  6.22973871e+00],
       [ 8.00456285e-01, -8.73253644e-01, -4.87265944e-01,
        -9.08680022e-01,  6.37933969e+00],
       [ 6.62821770e-01, -1.31678013e-02, -9.99913275e-01,
        -5.29576480e-01,  4.34730625e+00],
       [ 5.77839613e-01,  4.22470868e-01, -9.06376481e-01,
        -7.60049820e-01,  2.61538696e+00],
       [ 5.03020287e-01,  5.85332632e-01, -8.10793281e-01,
        -8.99138212e-01,  1.61098695e+00],
       [ 3.84655029e-01,  6.83500111e-01, -7.29950428e-01,
        -1.25172734e+00,  7.31388688e-01],
       [ 1.87195659e-01,  6.34961307e-01, -7.72543907e-01,
        -9.44303393e-01, -1.46218026e+00],
       [ 3.85989808e-02,  2.43477337e-02, -9.99703526e-01,
        -4.53152239e-01, -4.60635948e+00],
       [-1.33415341e-01, -9.86586630e-01, -1.63238496e-01,
        -1.04418385e+00, -7.52119064e+00],
       [-3.56419861e-01, -2.02055886e-01,  9.79373991e-01,
        -9.00709331e-01, -5.71009779e+00],
       [-5.18039286e-01,  5.88199496e-01,  8.08715880e-01,
        -8.50886822e-01, -3.13280821e+00],
       [-6.28816009e-01,  8.11835527e-01,  5.83886206e-01,
        -8.59284103e-01, -1.83054566e+00],
       [-7.20693827e-01,  9.02803004e-01,  4.30054337e-01,
        -6.71731770e-01, -1.20068133e+00],
       [-7.84939408e-01,  9.49657977e-01,  3.13288569e-01,
        -3.97821605e-01, -9.35833931e-01],
       [-8.36629331e-01,  9.73447621e-01,  2.28909850e-01,
        -3.96513730e-01, -4.40786034e-01],
       [-8.71816456e-01,  9.85655904e-01,  1.68767497e-01,
        -1.05175532e-01, -4.58379596e-01],
       [-8.80538046e-01,  9.93068397e-01,  1.17537864e-01,
        -1.86269227e-02, -2.99565136e-01],
       [-8.83183122e-01,  9.95978296e-01,  8.95948485e-02,
        -1.61738191e-02, -8.56951550e-02],
       [-8.81524444e-01,  9.96457219e-01,  8.41014534e-02,
         3.99561077e-02,  4.95421095e-03],
       [-8.64405036e-01,  9.96815085e-01,  7.97473490e-02,
         2.04677448e-01, -6.89335912e-02],
       [-8.31039548e-01,  9.97250259e-01,  7.41071627e-02,
         2.72062540e-01, -1.38998656e-02],
       [-7.79201627e-01,  9.98062313e-01,  6.22221120e-02,
         4.68673825e-01, -1.60570055e-01],
       [-7.07182705e-01,  9.99005198e-01,  4.45944630e-02,
         4.91881967e-01, -8.15473944e-02],
       [-6.35839403e-01,  9.99374807e-01,  3.53548005e-02,
         5.27457595e-01, -5.38566373e-02],
       [-5.71000218e-01,  9.98940110e-01,  4.60286140e-02,
         3.98648411e-01,  2.10259199e-01],
       [-4.99921530e-01,  9.98160660e-01,  6.06244430e-02,
         6.16516769e-01,  3.81870265e-03],
       [-4.01837468e-01,  9.98630285e-01,  5.23217097e-02,
         7.84819126e-01, -1.25604212e-01],
       [-2.98751116e-01,  9.98667717e-01,  5.16027436e-02,
         6.87855601e-01,  1.15061820e-01],
       [-1.93597987e-01,  9.98744369e-01,  5.00967093e-02,
         9.29905534e-01, -1.38762936e-01],
       [-6.43013939e-02,  9.98659372e-01,  5.17637767e-02,
         7.94022560e-01,  1.61650330e-01],
       [ 5.16125560e-02,  9.98131394e-01,  6.11039437e-02,
         9.89122808e-01, -1.45923942e-02],
       [ 1.75086081e-01,  9.98280346e-01,  5.86200282e-02,
         1.06880331e+00, -2.76439656e-02],
       [ 3.26600760e-01,  9.99057353e-01,  4.34093289e-02,
         1.26242411e+00, -2.11763471e-01],
       [ 4.89746779e-01,  9.99766946e-01,  2.15887986e-02,
         1.24784160e+00, -1.31358624e-01],
       [ 6.61936045e-01,  9.99964714e-01, -8.40360392e-03,
         1.40167439e+00, -3.40051800e-01],
       [ 8.36788595e-01,  9.99011815e-01, -4.44452725e-02,
         1.28891098e+00, -2.26652294e-01],
       [ 9.88573849e-01,  9.97337401e-01, -7.29251355e-02,
         1.24123740e+00, -2.57595062e-01],
       [ 1.13441527e+00,  9.95606959e-01, -9.36309546e-02,
         1.00280309e+00, -6.90645799e-02],
       [ 1.25196576e+00,  9.94166851e-01, -1.07853159e-01,
         9.56566393e-01, -1.73556209e-01],
       [ 1.35164118e+00,  9.91687000e-01, -1.28673613e-01,
         8.55977952e-01, -2.13591143e-01],
       [ 1.44315028e+00,  9.88387346e-01, -1.51955366e-01,
         6.69505656e-01, -1.85617328e-01],
       [ 1.50869370e+00,  9.86456513e-01, -1.64023176e-01,
         3.39053422e-01, -6.58558961e-03],
       [ 1.54371524e+00,  9.85136926e-01, -1.71770900e-01,
         1.99854270e-01, -1.16938181e-01],
       [ 1.55396187e+00,  9.82922912e-01, -1.84017688e-01,
        -2.89008804e-02, -9.43677127e-02],
       [ 1.51743436e+00,  9.85156953e-01, -1.71655819e-01,
        -5.33272982e-01,  2.92042196e-01],
       [ 1.43885493e+00,  9.91185188e-01, -1.32483572e-01,
        -7.76944518e-01,  3.80938619e-01],
       [ 1.35699475e+00,  9.95263278e-01, -9.72165242e-02,
        -8.60662520e-01,  3.38228822e-01],
       [ 1.26392806e+00,  9.97548938e-01, -6.99725971e-02,
        -8.31794024e-01,  1.66496873e-01],
       [ 1.15683520e+00,  9.98334825e-01, -5.76851107e-02,
        -8.15971673e-01,  2.69999634e-02],
       [ 1.06382644e+00,  9.98492062e-01, -5.48959300e-02,
        -8.75131071e-01,  2.45787483e-02],
       [ 9.52420831e-01,  9.98841345e-01, -4.81243692e-02,
        -9.81722891e-01,  9.05155465e-02],
       [ 8.39534044e-01,  9.99392033e-01, -3.48641239e-02,
        -1.07093418e+00,  1.54530600e-01],
       [ 7.04535365e-01,  9.99953032e-01, -9.69230663e-03,
        -1.17939508e+00,  2.72847742e-01],
       [ 5.49967527e-01,  9.99913931e-01,  1.31180715e-02,
        -1.02908862e+00,  6.11758418e-02],
       [ 4.05879140e-01,  9.99711931e-01,  2.40019374e-02,
        -1.02949297e+00,  9.82230455e-02],
       [ 2.60490298e-01,  9.99042928e-01,  4.37406041e-02,
        -1.04780853e+00,  1.90968931e-01]], dtype=float32), 'action': array([-0.24253313,  0.5285781 ,  0.4818918 ,  0.52729225,  0.47788993,
        0.37232688,  0.3906519 , -0.32307905, -0.21361306,  0.0016975 ,
       -0.15409407,  0.2789691 , -0.19161297,  0.36453784, -0.15034977,
       -0.17903633, -0.37278193,  0.14813942,  0.2640935 , -0.11895552,
       -0.07073499, -0.05005252,  0.00656791,  0.18863983,  0.25919324,
        0.01876524,  0.2280845 ,  0.07351065,  0.00886933,  0.04732722,
        0.12679964,  0.05491635,  0.14927034,  0.01966973,  0.02896502,
       -0.09176049,  0.16384247,  0.12765677, -0.06756523,  0.19510202,
       -0.08960365,  0.15836023,  0.07254888,  0.15681559, -0.00919028,
        0.12220505, -0.09097821, -0.04490763, -0.1944595 , -0.04665897,
       -0.10232821, -0.16971342, -0.27278185, -0.12195133, -0.20875278,
       -0.4121572 , -0.21965364, -0.09417841,  0.02107446,  0.00799568,
       -0.0593114 , -0.09501104, -0.08635236, -0.09454541,  0.11048322,
        0.00095312, -0.01113589,  0.13053752], dtype=float32), 'dt': array([15, 19, 18, 19, 20, 21, 23, 19, 20, 17, 20, 21, 21, 19, 13,  9, 11,
       18, 22, 23, 22, 19, 13, 12, 12, 13, 14, 14, 15, 14, 14, 14, 14, 15,
       14, 14, 14, 14, 14, 13, 15, 13, 12, 13, 13, 13, 13, 12, 13, 12, 11,
       12, 13, 13, 12, 13, 12, 10, 11, 13, 11, 12, 11, 12, 14, 14, 14, 15],
      dtype=int32), 'latent_action': array([[ 7.81319797e-01,  3.18702281e-01],
       [-7.92998791e-01, -7.26355731e-01],
       [-7.76954830e-01, -7.64842749e-01],
       [-7.49868691e-01, -7.67604351e-01],
       [-7.91215420e-01, -7.67007649e-01],
       [-7.66744673e-01, -7.41350293e-01],
       [-7.58639336e-01, -7.85694301e-01],
       [ 7.61953473e-01, -2.13560775e-01],
       [ 6.60109282e-01, -5.58683753e-01],
       [ 2.62883872e-01, -4.15329307e-01],
       [ 6.62447929e-01, -7.00585842e-01],
       [-2.02664658e-01, -7.92392313e-01],
       [ 5.48572183e-01, -7.70723522e-01],
       [-5.44964552e-01, -7.85366535e-01],
       [ 1.66452140e-01,  1.27473578e-01],
       [ 1.88733488e-01,  6.59416676e-01],
       [ 3.59370857e-01,  6.15498781e-01],
       [-2.17234656e-01, -5.04141033e-01],
       [-1.43191814e-01, -7.74164736e-01],
       [ 4.79038507e-01, -7.65954137e-01],
       [ 6.45122707e-01, -7.69232750e-01],
       [ 3.46646041e-01, -1.92418337e-01],
       [ 7.12486804e-02,  3.32331508e-01],
       [-2.05756083e-01,  2.02039286e-01],
       [-3.36343408e-01,  2.31461860e-02],
       [ 3.00340056e-02,  8.04980546e-02],
       [-2.73366660e-01, -1.71813026e-01],
       [ 3.33115715e-03, -5.37374057e-02],
       [ 7.40072131e-02, -1.18084252e-04],
       [ 3.89347449e-02, -1.29231319e-01],
       [-5.70782572e-02, -2.38326073e-01],
       [ 6.00718521e-02, -1.72343060e-01],
       [-1.83718521e-02, -1.47770837e-01],
       [ 1.59192562e-01, -1.27829146e-02],
       [ 1.19336314e-01, -1.68267475e-03],
       [ 1.28817469e-01,  2.06947364e-02],
       [-2.28339553e-01, -1.89855233e-01],
       [-4.20883298e-02, -1.44839093e-01],
       [ 6.79194480e-02, -2.54871063e-02],
       [-1.57035843e-01, -2.09464833e-01],
       [ 7.12262020e-02,  5.91562539e-02],
       [-2.94383287e-01, -8.17964152e-02],
       [-1.55940935e-01,  6.85415268e-02],
       [-1.45805791e-01,  1.63830951e-01],
       [ 1.05920946e-02,  2.21150979e-01],
       [-5.45684509e-02,  2.24435285e-01],
       [ 1.34240821e-01,  3.23617637e-01],
       [ 8.80791172e-02,  3.11977863e-01],
       [ 1.84076443e-01,  3.28480422e-01],
       [ 1.22915737e-01,  3.38100463e-01],
       [ 1.35059610e-01,  4.33965057e-01],
       [ 3.05019706e-01,  4.79912877e-01],
       [ 4.63111788e-01,  5.08683026e-01],
       [ 3.21136206e-01,  4.22373384e-01],
       [ 5.36842763e-01,  5.49845576e-01],
       [ 6.10003352e-01,  6.22277141e-01],
       [ 1.48101822e-01,  4.86838341e-01],
       [-5.95034771e-02,  3.89280528e-01],
       [-1.48585681e-02,  3.31181020e-01],
       [-5.87538369e-02,  2.68577993e-01],
       [ 1.48325801e-01,  4.41102564e-01],
       [ 9.47129652e-02,  3.93997163e-01],
       [-5.12359850e-03,  3.10261488e-01],
       [-3.74802388e-02,  2.34577402e-01],
       [-1.50998592e-01,  9.42317098e-02],
       [-1.52516980e-02,  8.89239013e-02],
       [-9.82221067e-02,  2.78831366e-02],
       [-2.62049764e-01, -2.02393793e-02]], dtype=float32), 'hybrid_action': array([[-0.24253313, -0.04096303],
       [ 0.5285781 ,  0.2630472 ],
       [ 0.4818918 ,  0.19644713],
       [ 0.52729225,  0.21382102],
       [ 0.47788993,  0.27955818],
       [ 0.37232688,  0.37149903],
       [ 0.3906519 ,  0.5006263 ],
       [-0.32307905,  0.22274676],
       [-0.21361306,  0.34426025],
       [ 0.0016975 ,  0.10454372],
       [-0.15409407,  0.3421763 ],
       [ 0.2789691 ,  0.35080203],
       [-0.19161297,  0.38842312],
       [ 0.36453784,  0.23846903],
       [-0.15034977, -0.18438286],
       [-0.17903633, -0.44387093],
       [-0.37278193, -0.29262033],
       [ 0.14813942,  0.19787775],
       [ 0.2640935 ,  0.4276364 ],
       [-0.11895552,  0.49102077],
       [-0.07073499,  0.4226785 ],
       [-0.05005252,  0.22855768],
       [ 0.00656791, -0.18767974],
       [ 0.18863983, -0.21321943],
       [ 0.25919324, -0.21190529],
       [ 0.01876524, -0.1742263 ],
       [ 0.2280845 , -0.10639981],
       [ 0.07351065, -0.12265572],
       [ 0.00886933, -0.06729586],
       [ 0.04732722, -0.12394691],
       [ 0.12679964, -0.09029651],
       [ 0.05491635, -0.12575673],
       [ 0.14927034, -0.09258931],
       [ 0.01966973, -0.06161561],
       [ 0.02896502, -0.12213449],
       [-0.09176049, -0.12410791],
       [ 0.16384247, -0.10353722],
       [ 0.12765677, -0.11843074],
       [-0.06756523, -0.07017028],
       [ 0.19510202, -0.17677118],
       [-0.08960365, -0.02822362],
       [ 0.15836023, -0.18016565],
       [ 0.07254888, -0.21935779],
       [ 0.15681559, -0.18194994],
       [-0.00919028, -0.15297845],
       [ 0.12220505, -0.19736099],
       [-0.09097821, -0.1655009 ],
       [-0.04490763, -0.21430217],
       [-0.1944595 , -0.19536692],
       [-0.04665897, -0.2402325 ],
       [-0.10232821, -0.3234659 ],
       [-0.16971342, -0.24668542],
       [-0.27278185, -0.18542038],
       [-0.12195133, -0.1590187 ],
       [-0.20875278, -0.23160997],
       [-0.4121572 , -0.19696385],
       [-0.21965364, -0.2644882 ],
       [-0.09417841, -0.36036777],
       [ 0.02107446, -0.3229774 ],
       [ 0.00799568, -0.152     ],
       [-0.0593114 , -0.3116184 ],
       [-0.09501104, -0.24746072],
       [-0.08635236, -0.28671733],
       [-0.09454541, -0.23689534],
       [ 0.11048322, -0.12431551],
       [ 0.00095312, -0.08030616],
       [-0.01113589, -0.08022595],
       [ 0.13053752, -0.03691112]], dtype=float32)}",68.34946525156617,68.0
3150,629.723131876963,"{0: [0, 0, 0, 0, 0, 0, 0, 6, 25, 31, 140, 210, 98, 45, 14, 14, 19, 22, 26, 34, 34, 10, 10, 1, 0, 0, 0, 0, 0, 0]}",[629.723131876963],"{'state': array([[ 0.00000000e+00,  0.00000000e+00,  0.00000000e+00,
         0.00000000e+00,  0.00000000e+00],
       [-3.04766707e-02, -9.99661505e-01,  2.60170698e-02,
        -2.99754590e-01, -4.20076132e-01],
       [-5.96906571e-03, -9.99769270e-01, -2.14812905e-02,
         5.56660891e-01,  8.96888494e-01],
       [ 1.75947979e-01, -9.60970223e-01, -2.76651770e-01,
         1.45727730e+00,  1.84901237e+00],
       [ 5.30785978e-01, -8.04654300e-01, -5.93743563e-01,
         2.26919508e+00,  1.70334935e+00],
       [ 1.00769246e+00, -6.50221646e-01, -7.59744585e-01,
         3.02950335e+00,  7.20230162e-01],
       [ 1.71947360e+00, -6.67943358e-01, -7.44212091e-01,
         3.74900460e+00, -9.34097230e-01],
       [ 1.86003363e+00, -9.32853460e-01,  3.60256016e-01,
        -4.52681482e-01, -6.70868731e+00],
       [ 1.75050044e+00, -1.60874233e-01,  9.86974895e-01,
        -8.23209405e-01, -5.18952894e+00],
       [ 1.53939295e+00,  5.73275745e-01,  8.19362521e-01,
        -1.24134350e+00, -2.16806364e+00],
       [ 1.38608694e+00,  7.58637607e-01,  6.51512802e-01,
        -6.77540541e-01, -1.05328894e+00],
       [ 1.31552649e+00,  8.16231251e-01,  5.77725291e-01,
        -2.63228506e-01, -2.27496088e-01],
       [ 1.23775518e+00,  7.32974946e-01,  6.80255592e-01,
        -5.98345220e-01,  1.73113656e+00],
       [ 1.06671309e+00,  1.68702140e-01,  9.85667050e-01,
        -9.91147339e-01,  4.57243204e+00],
       [ 8.90891373e-01, -8.91463041e-01,  4.53093380e-01,
        -6.50531232e-01,  7.36491156e+00],
       [ 7.55775034e-01, -5.48832297e-01, -8.35932493e-01,
        -8.27164412e-01,  6.45176172e+00],
       [ 5.97171068e-01,  4.55877364e-01, -8.90042603e-01,
        -6.18897319e-01,  3.52634382e+00],
       [ 5.25243163e-01,  6.99127138e-01, -7.14997411e-01,
        -8.14292133e-01,  2.53923798e+00],
       [ 4.51800823e-01,  8.16673636e-01, -5.77099800e-01,
        -1.02105856e+00,  2.02850890e+00],
       [ 3.41552377e-01,  9.04822528e-01, -4.25788909e-01,
        -1.18409669e+00,  1.51821613e+00],
       [ 2.29691207e-01,  9.49695885e-01, -3.13173711e-01,
        -1.30235922e+00,  1.20376217e+00],
       [ 1.07375778e-01,  9.76044953e-01, -2.17568859e-01,
        -1.41655445e+00,  1.02331829e+00],
       [-2.16203686e-02,  9.90758836e-01, -1.35635480e-01,
        -1.45075953e+00,  8.45883071e-01],
       [-1.59850463e-01,  9.97594357e-01, -6.93221092e-02,
        -1.31451809e+00,  5.04258633e-01],
       [-3.03599030e-01,  9.99806702e-01, -1.96605269e-02,
        -1.29971230e+00,  4.13603663e-01],
       [-4.25237954e-01,  9.99960184e-01,  8.92110635e-03,
        -1.13339651e+00,  1.65360630e-01],
       [-5.45141518e-01,  9.99772251e-01,  2.13422030e-02,
        -1.04682875e+00,  6.40038401e-02],
       [-6.80486500e-01,  9.99502718e-01,  3.15331332e-02,
        -1.03555512e+00,  9.62184146e-02],
       [-8.01434040e-01,  9.98451650e-01,  5.56269251e-02,
        -1.16378808e+00,  3.49006146e-01],
       [-9.18754637e-01,  9.96455848e-01,  8.41177106e-02,
        -9.69690502e-01,  1.78418323e-01],
       [-1.03809667e+00,  9.94089246e-01,  1.08566076e-01,
        -8.66707742e-01,  2.07649156e-01],
       [-1.12080741e+00,  9.94403541e-01,  1.05648182e-01,
        -4.05721605e-01, -2.53803015e-01],
       [-1.17750072e+00,  9.96499836e-01,  8.35944340e-02,
        -4.03836668e-01, -7.05383942e-02],
       [-1.23083341e+00,  9.96753097e-01,  8.05190802e-02,
        -3.58010888e-01,  2.53564883e-02],
       [-1.27610350e+00,  9.96070564e-01,  8.85631219e-02,
        -2.88833827e-01,  9.28554088e-02],
       [-1.30144131e+00,  9.95580971e-01,  9.39067602e-02,
        -1.01064041e-01, -8.49979278e-03],
       [-1.30458081e+00,  9.95961607e-01,  8.97802263e-02,
         5.62796928e-02, -5.21876328e-02],
       [-1.28979933e+00,  9.96569991e-01,  8.27541649e-02,
         1.71234414e-01, -5.86579069e-02],
       [-1.25498676e+00,  9.97552574e-01,  6.99200258e-02,
         3.26295882e-01, -1.29846901e-01],
       [-1.19937551e+00,  9.99143302e-01,  4.13849764e-02,
         5.29699445e-01, -3.19410533e-01],
       [-1.15163827e+00,  9.99699473e-01,  2.45142709e-02,
         3.38462740e-01,  7.78610492e-03],
       [-1.10712969e+00,  9.99752104e-01,  2.22638790e-02,
         4.03377563e-01, -4.59928624e-02],
       [-1.06163096e+00,  9.99730289e-01,  2.32229624e-02,
         3.54921699e-01,  6.22745864e-02],
       [-1.01262820e+00,  9.99715507e-01,  2.38511339e-02,
         4.61780638e-01, -5.16074300e-02],
       [-9.55987275e-01,  9.99835730e-01,  1.81257166e-02,
         4.82314557e-01, -4.55930233e-02],
       [-8.96370947e-01,  9.99664605e-01,  2.58983597e-02,
         3.69223863e-01,  1.59426466e-01],
       [-8.31561923e-01,  9.99443531e-01,  3.33568268e-02,
         5.56494534e-01, -5.01495190e-02],
       [-7.65283048e-01,  9.99507368e-01,  3.13848592e-02,
         5.48181057e-01,  1.66616607e-02],
       [-6.92534506e-01,  9.99651849e-01,  2.63858885e-02,
         6.64363265e-01, -1.01548567e-01],
       [-6.07226133e-01,  9.99966085e-01,  8.23851395e-03,
         7.57695258e-01, -2.06528068e-01],
       [-5.30188143e-01,  9.99987245e-01, -5.04600257e-03,
         6.43166065e-01, -3.87475714e-02],
       [-4.51942354e-01,  9.99928296e-01, -1.19757289e-02,
         6.61027133e-01, -7.88762793e-02],
       [-3.84710371e-01,  9.99904513e-01, -1.38203530e-02,
         5.61397016e-01,  4.48139459e-02],
       [-3.20165902e-01,  9.99984860e-01, -5.50513854e-03,
         5.14228761e-01,  9.63296592e-02],
       [-2.57970214e-01,  9.99986708e-01,  5.15036844e-03,
         5.22217333e-01,  8.45300034e-02],
       [-1.87907040e-01,  9.99986649e-01,  5.17130317e-03,
         6.45500958e-01, -8.41727108e-02],
       [-1.18037850e-01,  9.99997556e-01, -2.21485645e-03,
         6.24942422e-01, -5.21988794e-02],
       [-3.69250141e-02,  9.99956191e-01, -9.35881305e-03,
         6.23055160e-01, -6.00816011e-02],
       [ 2.98895556e-02,  9.99895930e-01, -1.44285243e-02,
         5.91820300e-01, -3.35282460e-02],
       [ 9.88610759e-02,  9.99854445e-01, -1.70610994e-02,
         5.57742119e-01, -1.11615080e-02],
       [ 1.57880276e-01,  9.99964178e-01, -8.46269727e-03,
         4.25792187e-01,  1.57119125e-01],
       [ 2.12270692e-01,  9.99996543e-01, -2.64056679e-03,
         5.63048840e-01, -4.96222675e-02],
       [ 2.77950823e-01,  9.99980330e-01, -6.27153972e-03,
         5.31670928e-01, -1.20085003e-02],
       [ 3.50370705e-01,  9.99773979e-01, -2.12587342e-02,
         6.75532699e-01, -2.42387965e-01],
       [ 4.26449418e-01,  9.98934209e-01, -4.61572111e-02,
         5.92794597e-01, -1.80486515e-01],
       [ 4.87605393e-01,  9.98618066e-01, -5.25548756e-02,
         3.48168582e-01,  7.97898322e-02],
       [ 5.33002555e-01,  9.98564899e-01, -5.35549484e-02,
         4.08463985e-01, -9.67855901e-02],
       [ 5.70948660e-01,  9.98714805e-01, -5.06829321e-02,
         1.75279558e-01,  1.41990378e-01],
       [ 5.97941279e-01,  9.98882949e-01, -4.72536646e-02,
         2.74550557e-01, -8.37197900e-02],
       [ 6.27595544e-01,  9.98333454e-01, -5.77092916e-02,
         2.19832599e-01, -9.39953029e-02],
       [ 6.47943020e-01,  9.97788668e-01, -6.64666966e-02,
         1.19416803e-01, -5.49448468e-02],
       [ 6.53162360e-01,  9.97770250e-01, -6.67421743e-02,
        -3.24227028e-02,  5.02558872e-02],
       [ 6.41195059e-01,  9.98456478e-01, -5.55395931e-02,
        -1.67189002e-01,  1.40262723e-01],
       [ 6.16635263e-01,  9.99304235e-01, -3.72959413e-02,
        -2.42395401e-01,  1.69738993e-01],
       [ 5.90672553e-01,  9.99748766e-01, -2.24148873e-02,
        -2.29842767e-01,  1.05130851e-01]], dtype=float32), 'action': array([-0.20678827,  0.46117818,  0.5259782 ,  0.48084158,  0.48982912,
        0.4030566 ,  0.37653637, -0.3992962 , -0.2685434 ,  0.40143648,
        0.32425112, -0.16441046, -0.21763945,  0.00368738, -0.02156673,
        0.23163822, -0.20658676, -0.29176357, -0.19354267, -0.15741123,
       -0.1476623 , -0.05080785,  0.13304546,  0.01067128,  0.17047805,
        0.08190575,  0.0107249 , -0.11681994,  0.18628603,  0.08819474,
        0.37238708,  0.00796404,  0.03939997,  0.05673784,  0.15498957,
        0.122072  ,  0.09702584,  0.11930814,  0.16483949, -0.17635497,
        0.05728359, -0.03988896,  0.09323067,  0.01909667, -0.08151573,
        0.13968246, -0.0048108 ,  0.10160702,  0.08121455, -0.10686807,
        0.01473346, -0.09397775, -0.04106405,  0.00685711,  0.10601002,
       -0.0190735 , -0.0018688 , -0.02999745, -0.03027775, -0.11391812,
        0.12788431, -0.02716846,  0.12230659, -0.07322664, -0.19696872,
        0.04794278, -0.18812397,  0.08161658, -0.0505713 , -0.0904137 ,
       -0.1348104 , -0.11979483, -0.06771715,  0.00960827,  0.01106286],
      dtype=float32), 'dt': array([15, 19, 18, 19, 18, 21, 23, 17, 21, 16, 15, 18, 21, 21, 20, 21, 10,
        8, 10,  9,  9,  9, 10, 11, 10, 11, 13, 11, 11, 13, 13, 14, 14, 14,
       13, 14, 13, 14, 13, 11, 12, 12, 12, 12, 14, 14, 12, 12, 12, 11, 12,
       11, 12, 12, 12, 11, 13, 11, 12, 12, 11, 12, 12, 12, 13, 12, 13, 12,
       12, 12, 12, 12, 12, 11, 11], dtype=int32), 'latent_action': array([[ 0.7644328 ,  0.36360613],
       [-0.77974   , -0.7663082 ],
       [-0.7294146 , -0.7973806 ],
       [-0.74756956, -0.785707  ],
       [-0.7985391 , -0.75439507],
       [-0.7765395 , -0.77689785],
       [-0.793625  , -0.7525681 ],
       [ 0.7693913 ,  0.02011858],
       [ 0.64656067, -0.5670007 ],
       [-0.681171  , -0.2994599 ],
       [-0.54943466, -0.36128634],
       [ 0.5076137 , -0.5829208 ],
       [ 0.6046849 , -0.6889551 ],
       [ 0.410952  , -0.7076576 ],
       [ 0.37701333, -0.8084196 ],
       [-0.23704425, -0.7815931 ],
       [-0.03463797,  0.73173726],
       [ 0.03164222,  0.76258993],
       [ 0.05222311,  0.7122302 ],
       [ 0.01733319,  0.75609624],
       [-0.05686444,  0.7424774 ],
       [-0.24490239,  0.7199446 ],
       [-0.39983758,  0.5357268 ],
       [-0.30013537,  0.38608268],
       [-0.3073985 ,  0.38221362],
       [-0.1916649 ,  0.39151096],
       [ 0.00846589,  0.40943336],
       [ 0.02907688,  0.34981754],
       [-0.41659287,  0.18769917],
       [-0.22344072,  0.11918408],
       [-0.41653696, -0.142974  ],
       [ 0.13967821,  0.07485067],
       [-0.00880919, -0.02932863],
       [-0.08587777, -0.09169086],
       [-0.3227244 , -0.06239292],
       [-0.121776  , -0.09070782],
       [-0.08675124, -0.10298634],
       [-0.14416645, -0.00130472],
       [-0.03850825,  0.03649961],
       [ 0.28611416,  0.281171  ],
       [-0.0314618 ,  0.02595811],
       [ 0.1094625 ,  0.17240134],
       [-0.06796745,  0.11065318],
       [ 0.07795902,  0.14418718],
       [ 0.06761441,  0.22095232],
       [-0.0934103 , -0.03680927],
       [-0.07545058,  0.06812636],
       [-0.10542902,  0.1685466 ],
       [-0.00444675,  0.19789754],
       [ 0.20747544,  0.36344308],
       [-0.00722485,  0.28969347],
       [ 0.08487684,  0.40359756],
       [ 0.00431829,  0.26271015],
       [-0.14704768,  0.29301396],
       [-0.20399567,  0.19399193],
       [-0.08397209,  0.44590637],
       [-0.03806757,  0.32905665],
       [-0.03071083,  0.42980248],
       [-0.01447324,  0.3006534 ],
       [-0.02191537,  0.44495428],
       [-0.27767864,  0.32196423],
       [-0.05312197,  0.42455706],
       [-0.15394212,  0.30794623],
       [ 0.16355675,  0.48685798],
       [ 0.27856058,  0.43667537],
       [-0.15130655,  0.31357586],
       [ 0.1648845 ,  0.539775  ],
       [-0.12589784,  0.31976622],
       [ 0.01980794,  0.42779455],
       [ 0.09037543,  0.32314986],
       [ 0.14002693,  0.42251453],
       [ 0.02008382,  0.3891483 ],
       [-0.11096708,  0.39025185],
       [-0.20488802,  0.2520227 ],
       [-0.1552762 ,  0.36702433]], dtype=float32), 'hybrid_action': array([[-0.20678827, -0.03783197],
       [ 0.46117818,  0.26063555],
       [ 0.5259782 ,  0.14847864],
       [ 0.48084158,  0.25147718],
       [ 0.48982912,  0.17424798],
       [ 0.4030566 ,  0.39257175],
       [ 0.37653637,  0.53724957],
       [-0.3992962 ,  0.10753969],
       [-0.2685434 ,  0.40494117],
       [ 0.40143648,  0.03666909],
       [ 0.32425112, -0.06428617],
       [-0.16441046,  0.20164402],
       [-0.21763945,  0.34663427],
       [ 0.00368738,  0.37416923],
       [-0.02156673,  0.33048636],
       [ 0.23163822,  0.38936135],
       [-0.20658676, -0.38206178],
       [-0.29176357, -0.4872898 ],
       [-0.19354267, -0.39299586],
       [-0.15741123, -0.4224568 ],
       [-0.1476623 , -0.42159662],
       [-0.05080785, -0.4703159 ],
       [ 0.13304546, -0.371532  ],
       [ 0.01067128, -0.30311763],
       [ 0.17047805, -0.39732867],
       [ 0.08190575, -0.3004727 ],
       [ 0.0107249 , -0.14282335],
       [-0.11681994, -0.2818318 ],
       [ 0.18628603, -0.30500895],
       [ 0.08819474, -0.1467706 ],
       [ 0.37238708, -0.16910781],
       [ 0.00796404, -0.10302858],
       [ 0.03939997, -0.1276554 ],
       [ 0.05673784, -0.12289444],
       [ 0.15498957, -0.18795143],
       [ 0.122072  , -0.10564817],
       [ 0.09702584, -0.18230939],
       [ 0.11930814, -0.10779897],
       [ 0.16483949, -0.18254454],
       [-0.17635497, -0.28204325],
       [ 0.05728359, -0.22392933],
       [-0.03988896, -0.23571007],
       [ 0.09323067, -0.25856283],
       [ 0.01909667, -0.23064826],
       [-0.08151573, -0.13609393],
       [ 0.13968246, -0.13082325],
       [-0.0048108 , -0.21479611],
       [ 0.10160702, -0.23871008],
       [ 0.08121455, -0.25865078],
       [-0.10686807, -0.28609547],
       [ 0.01473346, -0.21998304],
       [-0.09397775, -0.29807872],
       [-0.04106405, -0.24687633],
       [ 0.00685711, -0.21773776],
       [ 0.10601002, -0.21573128],
       [-0.0190735 , -0.34045762],
       [-0.0018688 , -0.19647828],
       [-0.02999745, -0.30318326],
       [-0.03027775, -0.23898232],
       [-0.11391812, -0.27363726],
       [ 0.12788431, -0.2864205 ],
       [-0.02716846, -0.2543617 ],
       [ 0.12230659, -0.25250125],
       [-0.07322664, -0.22610271],
       [-0.19696872, -0.19654918],
       [ 0.04794278, -0.23918317],
       [-0.18812397, -0.1956824 ],
       [ 0.08161658, -0.21439028],
       [-0.0505713 , -0.24376774],
       [-0.0904137 , -0.23606502],
       [-0.1348104 , -0.26595998],
       [-0.11979483, -0.22444908],
       [-0.06771715, -0.26407623],
       [ 0.00960827, -0.2819964 ],
       [ 0.01106286, -0.28991604]], dtype=float32)}",113.35926330613808,73.9
3200,721.0271890154509,"{0: [0, 0, 0, 0, 0, 0, 0, 3, 6, 2, 7, 24, 121, 235, 138, 31, 10, 29, 24, 26, 10, 9, 4, 0, 0, 0, 0, 0, 0, 0]}",[721.0271890154509],"{'state': array([[ 0.00000000e+00,  0.00000000e+00,  0.00000000e+00,
         0.00000000e+00,  0.00000000e+00],
       [-2.55360678e-02, -9.99830365e-01,  1.84185132e-02,
        -3.23778063e-01, -4.64894295e-01],
       [-1.77837331e-02, -9.99997318e-01, -2.32597906e-03,
         4.04914349e-01,  6.73131704e-01],
       [ 1.29223973e-01, -9.76360559e-01, -2.16148123e-01,
         1.22281885e+00,  1.61603260e+00],
       [ 4.03111368e-01, -8.67818117e-01, -4.96882051e-01,
         1.99166167e+00,  1.79208910e+00],
       [ 8.35263848e-01, -7.00305760e-01, -7.13842988e-01,
         2.80716634e+00,  1.13187683e+00],
       [ 1.46434677e+00, -6.43328607e-01, -7.65590191e-01,
         3.48460221e+00, -3.95274818e-01],
       [ 1.89153445e+00, -9.94839311e-01, -1.01462863e-01,
        -4.72192436e-01, -6.85670662e+00],
       [ 1.74830306e+00, -3.24454278e-01,  9.45901394e-01,
        -8.80842209e-01, -5.88157082e+00],
       [ 1.54828811e+00,  4.79023337e-01,  8.77802134e-01,
        -1.39147460e+00, -3.26992750e+00],
       [ 1.38586676e+00,  7.66038418e-01,  6.42794788e-01,
        -9.34819102e-01, -2.16597557e+00],
       [ 1.29142737e+00,  8.98848116e-01,  4.38260257e-01,
        -5.17350376e-01, -1.67316949e+00],
       [ 1.23661542e+00,  9.55212414e-01,  2.95920938e-01,
        -4.78487253e-01, -1.15203846e+00],
       [ 1.18082511e+00,  9.87527907e-01,  1.57444134e-01,
        -3.16616833e-01, -9.31248844e-01],
       [ 1.12591159e+00,  9.97408807e-01,  7.19420835e-02,
        -5.27109742e-01, -4.20944542e-01],
       [ 1.05352592e+00,  9.99973178e-01,  7.32255401e-03,
        -4.36921597e-01, -4.66231257e-01],
       [ 9.83214855e-01,  9.99731541e-01, -2.31690332e-02,
        -7.34500229e-01, -5.13761155e-02],
       [ 8.61138642e-01,  9.99851227e-01, -1.72503460e-02,
        -8.93284380e-01,  1.32574663e-01],
       [ 7.40799189e-01,  9.99988258e-01,  4.84502222e-03,
        -9.58423376e-01,  2.14702725e-01],
       [ 6.10464454e-01,  9.99511182e-01,  3.12642679e-02,
        -9.03930783e-01,  1.72232121e-01],
       [ 5.14146626e-01,  9.99283612e-01,  3.78451869e-02,
        -7.01462269e-01, -6.04494773e-02],
       [ 4.27279174e-01,  9.99610603e-01,  2.79037319e-02,
        -6.34810090e-01, -9.58840102e-02],
       [ 3.32966834e-01,  9.99661624e-01,  2.60118376e-02,
        -7.12477624e-01,  6.81710541e-02],
       [ 2.39636168e-01,  9.99545574e-01,  3.01434509e-02,
        -6.20886147e-01, -7.64412014e-03],
       [ 1.65757686e-01,  9.99743760e-01,  2.26353984e-02,
        -5.15593231e-01, -1.10401452e-01],
       [ 9.87551436e-02,  9.99820411e-01,  1.89498328e-02,
        -6.01063907e-01,  4.78326976e-02],
       [ 2.51183286e-02,  9.99778509e-01,  2.10453067e-02,
        -5.31842589e-01, -1.48906223e-02],
       [-4.07753848e-02,  9.99859035e-01,  1.67892855e-02,
        -4.81843084e-01, -5.20114414e-02],
       [-1.11805648e-01,  9.99856591e-01,  1.69336870e-02,
        -5.32876730e-01,  5.41251600e-02],
       [-1.91525713e-01,  9.99388278e-01,  3.49726006e-02,
        -6.06270730e-01,  2.10094839e-01],
       [-2.55419761e-01,  9.99223650e-01,  3.93966697e-02,
        -3.06578755e-01, -1.45248801e-01],
       [-3.01139653e-01,  9.99745369e-01,  2.25643348e-02,
        -3.02728295e-01, -8.57293010e-02],
       [-3.44102532e-01,  9.99816656e-01,  1.91478524e-02,
        -3.58187169e-01,  3.20227928e-02],
       [-3.90621275e-01,  9.99667585e-01,  2.57825814e-02,
        -3.57585877e-01,  7.22779334e-02],
       [-4.43874270e-01,  9.99162853e-01,  4.09090072e-02,
        -3.52716029e-01,  1.35306135e-01],
       [-4.80699092e-01,  9.98989761e-01,  4.49382439e-02,
        -1.38355449e-01, -7.99772367e-02],
       [-4.94505882e-01,  9.99508023e-01,  3.13641243e-02,
        -5.86643554e-02, -1.18940033e-01],
       [-5.04766345e-01,  9.99733388e-01,  2.30901260e-02,
        -9.90639403e-02, -1.11437663e-02],
       [-5.22526503e-01,  9.99531388e-01,  3.06101218e-02,
        -1.54773176e-01,  1.21292695e-01],
       [-5.21817207e-01,  9.99813914e-01,  1.92914922e-02,
         1.65089697e-01, -2.87105680e-01],
       [-5.22183061e-01,  9.99880850e-01,  1.54359806e-02,
        -1.70657754e-01,  2.26501361e-01],
       [-5.33811986e-01,  9.99480605e-01,  3.22261229e-02,
        -8.50611273e-03,  3.74806263e-02],
       [-5.21263897e-01,  9.99762595e-01,  2.17893496e-02,
         1.87934265e-01, -1.90374270e-01],
       [-5.04057586e-01,  9.99954700e-01,  9.52044036e-03,
         7.69626349e-02, -2.47050519e-03],
       [-4.97675270e-01,  9.99853611e-01,  1.71118267e-02,
         1.40914824e-02,  1.13637447e-01],
       [-4.72945035e-01,  9.99992311e-01,  3.92312557e-03,
         3.15872520e-01, -2.94551611e-01],
       [-4.48394448e-01,  9.99957442e-01, -9.22778342e-03,
         3.50672156e-02,  1.01970896e-01],
       [-4.41221684e-01,  9.99996901e-01,  2.49618804e-03,
         6.03658371e-02,  5.88346422e-02],
       [-4.31537956e-01,  9.99953568e-01,  9.63704754e-03,
         7.78566524e-02,  4.57311645e-02],
       [-4.13117260e-01,  9.99965310e-01,  8.33239034e-03,
         1.67774394e-01, -6.36248589e-02],
       [-3.97855401e-01,  9.99921501e-01,  1.25307031e-02,
         5.01857288e-02,  1.25100151e-01],
       [-3.79062116e-01,  9.99847531e-01,  1.74614023e-02,
         2.00303167e-01, -5.74577339e-02],
       [-3.56049627e-01,  9.99817789e-01,  1.90880168e-02,
         1.28421217e-01,  8.12779963e-02],
       [-3.29633623e-01,  9.99777019e-01,  2.11158693e-02,
         2.48915642e-01, -5.15747331e-02],
       [-2.79281169e-01,  9.99995172e-01, -3.10774846e-03,
         4.22870576e-01, -2.80701250e-01],
       [-2.35765636e-01,  9.99703288e-01, -2.43593715e-02,
         2.46923134e-01, -5.33571243e-02],
       [-1.98782131e-01,  9.99227345e-01, -3.93033177e-02,
         2.81653196e-01, -1.65569186e-01],
       [-1.81611970e-01,  9.99294639e-01, -3.75537388e-02,
        -1.75209846e-02,  1.93087608e-01],
       [-1.71905890e-01,  9.99494791e-01, -3.17835063e-02,
         1.46834940e-01, -1.13904603e-01],
       [-1.66398585e-01,  9.99533951e-01, -3.05263288e-02,
        -6.81772605e-02,  1.32320791e-01],
       [-1.66171670e-01,  9.99545097e-01, -3.01589500e-02,
         7.14113340e-02, -1.26936659e-01],
       [-1.73272401e-01,  9.99594569e-01, -2.84733921e-02,
        -1.66114673e-01,  1.50064111e-01],
       [-2.00424999e-01,  9.99988794e-01, -4.73374687e-03,
        -2.22164258e-01,  1.97613135e-01],
       [-2.23240465e-01,  9.99950588e-01,  9.93891153e-03,
        -8.22986886e-02,  3.64143914e-03],
       [-2.35579595e-01,  9.99913812e-01,  1.31296450e-02,
        -9.40263346e-02,  4.30829376e-02],
       [-2.52106339e-01,  9.99652088e-01,  2.63766702e-02,
        -1.42283440e-01,  1.50925517e-01],
       [-2.40923896e-01,  9.99983549e-01,  5.73810237e-03,
         2.91742355e-01, -4.34084415e-01],
       [-2.29471698e-01,  9.99914885e-01, -1.30480705e-02,
        -1.27828404e-01,  1.58969387e-01],
       [-2.40055665e-01,  9.99996662e-01, -2.57292669e-03,
        -2.35418361e-02, -5.57764713e-03],
       [-2.55937397e-01,  9.99885976e-01,  1.51004298e-02,
        -2.03623787e-01,  2.64367431e-01]], dtype=float32), 'action': array([-0.23083721,  0.39193067,  0.4747408 ,  0.49823242,  0.5196659 ,
        0.39892074,  0.36907858, -0.3476187 , -0.4086274 ,  0.35542673,
        0.35917932,  0.05717839,  0.13362138, -0.15890819,  0.06456836,
       -0.25552404, -0.11035184, -0.05200445,  0.04124935,  0.17586623,
        0.05500152, -0.05520123,  0.06922464,  0.08511437, -0.07178452,
        0.05613162,  0.04085435, -0.0363332 , -0.05212912,  0.2227672 ,
        0.00478939, -0.04241542,  0.00203849,  0.00565143,  0.15001583,
        0.06121718, -0.03004434, -0.03905015,  0.23673937, -0.2643431 ,
        0.12993102,  0.14621513, -0.08666712, -0.04525037,  0.20770867,
       -0.2064627 ,  0.01711698,  0.01327819,  0.06230076, -0.08564589,
        0.10400774, -0.05151645,  0.08993983,  0.11994585, -0.1401173 ,
        0.02329754, -0.23935644,  0.1103043 , -0.16014668,  0.10042191,
       -0.1649587 , -0.04234838,  0.09609482, -0.00781048, -0.03407243,
        0.29879096, -0.3084789 ,  0.07605948, -0.13185881,  0.2726615 ],
      dtype=float32), 'dt': array([14, 19, 18, 17, 18, 20, 23, 20, 18, 14, 13, 11, 14, 13, 15, 12, 15,
       13, 14, 12, 13, 14, 14, 13, 12, 13, 13, 14, 14, 14, 15, 13, 13, 15,
       15, 14, 13, 14, 14, 13, 13, 14, 13, 14, 15, 14, 15, 14, 15, 14, 15,
       14, 14, 15, 13, 14, 13, 15, 14, 14, 15, 14, 15, 14, 14, 15, 14, 14,
       14, 14], dtype=int32), 'latent_action': array([[ 0.75449485,  0.3646856 ],
       [-0.78281856, -0.7916508 ],
       [-0.74586743, -0.76263535],
       [-0.76878935, -0.76395124],
       [-0.73320985, -0.7809787 ],
       [-0.7511539 , -0.76353073],
       [-0.76770467, -0.77394086],
       [ 0.73406506, -0.23226298],
       [ 0.7808127 ,  0.01048125],
       [-0.6397095 , -0.21069804],
       [-0.6926812 , -0.0119038 ],
       [-0.2967871 ,  0.14140476],
       [-0.2214235 ,  0.02348655],
       [ 0.19860388,  0.2509028 ],
       [-0.07665326, -0.05488665],
       [ 0.33047482,  0.29418114],
       [ 0.19138908,  0.04517846],
       [-0.09235696, -0.03263568],
       [-0.21920124, -0.1831136 ],
       [-0.35307258, -0.0793035 ],
       [-0.16114844, -0.06774618],
       [-0.02271606,  0.09292287],
       [-0.11606403, -0.09831214],
       [-0.17270568, -0.00226065],
       [ 0.00678269,  0.18409947],
       [-0.10861491,  0.03062703],
       [-0.09068775,  0.07322034],
       [ 0.10769589,  0.07734433],
       [-0.02897421,  0.03511065],
       [-0.30417457,  0.00221102],
       [-0.01069793, -0.03606718],
       [ 0.00897208,  0.09450798],
       [ 0.01114655,  0.0240913 ],
       [-0.0363435 ,  0.01802681],
       [-0.18279918, -0.17165138],
       [-0.01967967,  0.02425977],
       [ 0.07538253,  0.06433959],
       [ 0.04309198,  0.0405847 ],
       [-0.28924987, -0.11235479],
       [ 0.3002849 ,  0.32920206],
       [-0.26543826, -0.02219547],
       [-0.14960639, -0.13247754],
       [ 0.18189508,  0.15378474],
       [ 0.07389629, -0.02170317],
       [-0.12780371, -0.13303192],
       [ 0.29458794,  0.25635394],
       [ 0.06595672, -0.14768037],
       [ 0.06093945, -0.10669064],
       [-0.04646019, -0.14365107],
       [ 0.00616615,  0.03191626],
       [-0.21519658, -0.13228793],
       [ 0.0288023 , -0.19933236],
       [-0.2240083 , -0.13061489],
       [-0.10506804, -0.09821517],
       [ 0.24524562,  0.12898365],
       [ 0.07654801, -0.01900179],
       [ 0.2680855 ,  0.26988783],
       [-0.03974464, -0.09617909],
       [ 0.26905122,  0.11931014],
       [ 0.03371238, -0.05977429],
       [ 0.20961577,  0.23691663],
       [-0.02329516,  0.05562965],
       [-0.19980572, -0.12456117],
       [-0.00616941, -0.07898486],
       [-0.03944638, -0.06911248],
       [-0.32652614, -0.23141913],
       [ 0.43694156,  0.40116087],
       [-0.04336661, -0.06412306],
       [ 0.03275354, -0.00980631],
       [-0.3846766 , -0.20832214]], dtype=float32), 'hybrid_action': array([[-0.23083721, -0.06999122],
       [ 0.39193067,  0.27021894],
       [ 0.4747408 ,  0.16388841],
       [ 0.49823242,  0.11449777],
       [ 0.5196659 ,  0.16265252],
       [ 0.39892074,  0.3198784 ],
       [ 0.36907858,  0.492251  ],
       [-0.3476187 ,  0.32069084],
       [-0.4086274 ,  0.2013749 ],
       [ 0.35542673, -0.13393699],
       [ 0.35917932, -0.14897859],
       [ 0.05717839, -0.320293  ],
       [ 0.13362138, -0.125346  ],
       [-0.15890819, -0.16325365],
       [ 0.06456836, -0.0587083 ],
       [-0.25552404, -0.2494543 ],
       [-0.11035184, -0.02969576],
       [-0.05200445, -0.14575803],
       [ 0.04124935, -0.0987231 ],
       [ 0.17586623, -0.23550124],
       [ 0.05500152, -0.1535763 ],
       [-0.05520123, -0.12952007],
       [ 0.06922464, -0.08020132],
       [ 0.08511437, -0.1640927 ],
       [-0.07178452, -0.23797752],
       [ 0.05613162, -0.20042375],
       [ 0.04085435, -0.1889562 ],
       [-0.0363332 , -0.09079689],
       [-0.05212912, -0.08566441],
       [ 0.2227672 , -0.12503575],
       [ 0.00478939, -0.02747479],
       [-0.04241542, -0.18082893],
       [ 0.00203849, -0.15755661],
       [ 0.00565143, -0.01345759],
       [ 0.15001583, -0.04877803],
       [ 0.06121718, -0.08640411],
       [-0.03004434, -0.14086439],
       [-0.03905015, -0.12361566],
       [ 0.23673937, -0.10196799],
       [-0.2643431 , -0.16825496],
       [ 0.12993102, -0.1740303 ],
       [ 0.14621513, -0.07921997],
       [-0.08666712, -0.19634013],
       [-0.04525037, -0.12059708],
       [ 0.20770867, -0.0524252 ],
       [-0.2064627 , -0.13011664],
       [ 0.01711698, -0.05308429],
       [ 0.01327819, -0.08622053],
       [ 0.06230076, -0.05670812],
       [-0.08564589, -0.1227207 ],
       [ 0.10400774, -0.00598014],
       [-0.05151645, -0.07124199],
       [ 0.08993983, -0.09912206],
       [ 0.11994585, -0.04996216],
       [-0.1401173 , -0.1560559 ],
       [ 0.02329754, -0.12096614],
       [-0.23935644, -0.198394  ],
       [ 0.1103043 , -0.03453204],
       [-0.16014668, -0.12076509],
       [ 0.10042191, -0.11588687],
       [-0.1649587 , -0.03596465],
       [-0.04234838, -0.07921609],
       [ 0.09609482, -0.02254099],
       [-0.00781048, -0.09788048],
       [-0.03407243, -0.0770268 ],
       [ 0.29879096, -0.03659198],
       [-0.3084789 , -0.11053943],
       [ 0.07605948, -0.11633333],
       [-0.13185881, -0.07626447],
       [ 0.2726615 , -0.0977385 ]], dtype=float32)}",36.668796909213974,67.9
3250,754.1307169926348,"{0: [0, 0, 0, 0, 0, 0, 0, 0, 1, 4, 8, 10, 39, 102, 154, 150, 51, 33, 26, 20, 19, 11, 7, 0, 0, 0, 0, 0, 0, 0]}",[754.1307169926348],"{'state': array([[ 0.00000000e+00,  0.00000000e+00,  0.00000000e+00,
         0.00000000e+00,  0.00000000e+00],
       [-1.11046964e-02, -9.99901295e-01,  1.40511151e-02,
        -2.48106629e-01, -3.46859127e-01],
       [ 3.72178257e-02, -9.97983873e-01, -6.34681210e-02,
         7.29396343e-01,  1.08194399e+00],
       [ 2.46650428e-01, -9.43375587e-01, -3.31726462e-01,
         1.58968556e+00,  1.82992792e+00],
       [ 5.99865735e-01, -7.92821944e-01, -6.09453380e-01,
         2.32856297e+00,  1.53843868e+00],
       [ 1.10387790e+00, -6.67050660e-01, -7.45012343e-01,
         2.97739124e+00,  3.29564571e-01],
       [ 1.80217361e+00, -7.34080493e-01, -6.79062486e-01,
         3.51361728e+00, -1.35216320e+00],
       [ 1.84689867e+00, -8.27616513e-01,  5.61293960e-01,
        -3.72275621e-01, -6.41600609e+00],
       [ 1.75614130e+00,  5.22007942e-02,  9.98636603e-01,
        -6.05306864e-01, -4.15715742e+00],
       [ 1.59282851e+00,  5.84395051e-01,  8.11469316e-01,
        -9.17826355e-01, -1.09176564e+00],
       [ 1.32611215e+00,  5.05585611e-01,  8.62776458e-01,
        -1.50170195e+00,  1.96014619e+00],
       [ 9.58025753e-01, -2.01984167e-01,  9.79388773e-01,
        -1.95248830e+00,  5.00507498e+00],
       [ 6.61934972e-01, -9.97979462e-01,  6.35370165e-02,
        -1.02698421e+00,  7.75514364e+00],
       [ 5.00601768e-01, -3.60373557e-01, -9.32808101e-01,
        -9.43624258e-01,  6.62004757e+00],
       [ 3.13943237e-01,  6.24092400e-01, -7.81350553e-01,
        -8.55077505e-01,  3.85647893e+00],
       [ 2.25807995e-01,  8.67718697e-01, -4.97055620e-01,
        -6.05657041e-01,  2.47926855e+00],
       [ 1.67038664e-01,  9.56904829e-01, -2.90401638e-01,
        -4.62634623e-01,  1.67278624e+00],
       [ 1.36692435e-01,  9.88154054e-01, -1.53465122e-01,
        -4.39325795e-02,  7.07399666e-01],
       [ 1.45099938e-01,  9.96621192e-01, -8.21351707e-02,
         1.41596034e-01,  1.68136567e-01],
       [ 1.37444556e-01,  9.99664187e-01, -2.59145051e-02,
        -2.44675621e-01,  6.04510486e-01],
       [ 1.39680639e-01,  9.99955237e-01,  9.46093537e-03,
         2.71972537e-01, -1.47869259e-01],
       [ 1.75157338e-01,  9.99954343e-01, -9.55645368e-03,
         2.74109453e-01, -1.51022419e-01],
       [ 2.03269750e-01,  9.99801219e-01, -1.99392065e-02,
         1.58547565e-01, -1.21842017e-02],
       [ 2.20957801e-01,  9.99871790e-01, -1.60137042e-02,
         7.72256479e-02,  6.60342053e-02],
       [ 2.33912095e-01,  9.99929786e-01, -1.18481396e-02,
         1.07767858e-01, -5.03223808e-03],
       [ 2.57816344e-01,  9.99621749e-01, -2.75024958e-02,
         2.33972043e-01, -2.24224865e-01],
       [ 2.81323045e-01,  9.98725176e-01, -5.04775830e-02,
         1.02215298e-01, -1.12490065e-01],
       [ 2.76800811e-01,  9.98938382e-01, -4.60669622e-02,
        -1.66889518e-01,  1.77160472e-01],
       [ 2.48609751e-01,  9.99780416e-01, -2.09560655e-02,
        -2.09426284e-01,  1.67458862e-01],
       [ 2.18348861e-01,  9.99999940e-01,  3.22750420e-04,
        -1.94421470e-01,  1.24415971e-01],
       [ 2.00274229e-01,  9.99987960e-01,  4.91086906e-03,
        -6.38635904e-02, -5.72290234e-02],
       [ 1.93402439e-01,  9.99982715e-01, -5.87551529e-03,
        -3.41301411e-02, -1.00715511e-01],
       [ 1.83233619e-01,  9.99931931e-01, -1.16690304e-02,
        -1.22224778e-01,  9.65492055e-03],
       [ 1.63568810e-01,  9.99949217e-01, -1.00767482e-02,
        -1.40000075e-01,  1.21855196e-02],
       [ 1.30591571e-01,  9.99981701e-01,  6.04959019e-03,
        -2.72512525e-01,  1.95969090e-01],
       [ 1.08710706e-01,  9.99954939e-01,  9.49039310e-03,
        -1.92955676e-02, -1.48766696e-01],
       [ 1.06523514e-01,  9.99931216e-01, -1.17299762e-02,
        -1.16061205e-02, -1.61966920e-01],
       [ 8.60639513e-02,  9.99959946e-01, -8.94887093e-03,
        -2.80715793e-01,  2.02690467e-01],
       [ 6.35833070e-02,  9.99968946e-01, -7.88417086e-03,
        -1.90477669e-02, -1.88082024e-01],
       [ 5.06445356e-02,  9.99775052e-01, -2.12086961e-02,
        -1.65572762e-01, -7.06139719e-03],
       [ 2.05270220e-02,  9.99839664e-01, -1.79053117e-02,
        -2.36050785e-01,  5.23783527e-02],
       [-1.64148584e-02,  9.99947131e-01, -1.02844248e-02,
        -2.56639838e-01,  5.21586947e-02],
       [-7.27149397e-02,  9.99868810e-01,  1.61991641e-02,
        -4.06231552e-01,  2.70878106e-01],
       [-1.07036397e-01,  9.99819040e-01,  1.90221276e-02,
        -2.28448007e-02, -2.34419927e-01],
       [-1.20187685e-01,  9.99999940e-01, -2.81645334e-04,
        -1.52170122e-01, -3.03578041e-02],
       [-1.47929341e-01,  9.99988139e-01,  4.87412047e-03,
        -2.44221792e-01,  1.05851732e-01],
       [-1.73794374e-01,  9.99992609e-01,  3.85046564e-03,
        -7.90742636e-02, -1.19061634e-01],
       [-1.97823361e-01,  9.99979734e-01,  6.36540074e-03,
        -2.64235735e-01,  1.55884206e-01],
       [-2.28805676e-01,  9.99855161e-01,  1.70193631e-02,
        -1.23243086e-01, -1.83483325e-02],
       [-2.42718518e-01,  9.99949336e-01,  1.00646093e-02,
        -6.21410832e-02, -7.70508572e-02],
       [-2.62345523e-01,  9.99908984e-01,  1.34926736e-02,
        -1.83258161e-01,  1.21298105e-01],
       [-2.80043811e-01,  9.99836564e-01,  1.80789717e-02,
        -2.50497777e-02, -6.53429851e-02],
       [-2.95030743e-01,  9.99653459e-01,  2.63234265e-02,
        -1.51426390e-01,  1.65918738e-01],
       [-3.08423340e-01,  9.99068260e-01,  4.31575216e-02,
        -1.62965432e-02,  5.15243001e-02],
       [-2.96510845e-01,  9.99216437e-01,  3.95798534e-02,
         1.56512126e-01, -9.52024311e-02],
       [-2.64979064e-01,  9.99776959e-01,  2.11186539e-02,
         2.37976894e-01, -1.43208072e-01],
       [-2.24960104e-01,  9.99997675e-01, -2.15090741e-03,
         2.62690336e-01, -1.57166854e-01],
       [-1.95261180e-01,  9.99918342e-01, -1.27776284e-02,
         1.33482158e-01,  1.14022885e-02],
       [-1.83198810e-01,  9.99999344e-01, -1.12460065e-03,
         2.71477159e-02,  1.48433626e-01],
       [-1.59088641e-01,  9.99992430e-01, -3.89402104e-03,
         2.56552547e-01, -1.82208434e-01],
       [-1.28270730e-01,  9.99761522e-01, -2.18380652e-02,
         1.54666752e-01, -6.39403462e-02],
       [-1.06490038e-01,  9.99403059e-01, -3.45473588e-02,
         1.56691685e-01, -1.22233197e-01],
       [-1.08143613e-01,  9.99767482e-01, -2.15643775e-02,
        -1.77602530e-01,  2.89910406e-01]], dtype=float32), 'action': array([-1.78403392e-01,  5.01974046e-01,  5.07830799e-01,  4.65706587e-01,
        4.02082443e-01,  3.89973313e-01,  3.26520890e-01, -2.80384064e-01,
       -1.65865406e-01, -2.54974693e-01, -2.83879697e-01,  3.40739965e-01,
        2.11355641e-01,  1.68466255e-01,  2.17953250e-01,  1.17967956e-01,
        3.46227676e-01,  1.04419477e-01, -2.68710464e-01,  3.31690997e-01,
        1.70054124e-03, -9.24325734e-02, -5.70232607e-02,  2.14643031e-02,
        9.13436785e-02, -9.95221436e-02, -2.01108292e-01, -3.15213688e-02,
        9.55990981e-03,  9.60874408e-02,  2.18064878e-02, -7.03006014e-02,
       -1.29574211e-02, -8.53694677e-02,  1.74194291e-01,  5.56964986e-03,
       -1.98427826e-01,  1.78857103e-01, -1.08666532e-01, -4.97129299e-02,
       -1.51180802e-02, -9.03792530e-02,  2.47779548e-01, -8.80422965e-02,
       -6.74716383e-02,  1.06502369e-01, -1.35673255e-01,  9.14781839e-02,
        4.28467914e-02, -7.70761892e-02,  9.68761221e-02, -7.49777034e-02,
        8.93230587e-02,  1.07508995e-01,  5.45153655e-02,  1.65658034e-02,
       -8.91238376e-02, -7.34068304e-02,  1.38720781e-01, -7.07632378e-02,
       -4.81031806e-04, -2.16952682e-01,  1.15286373e-01], dtype=float32), 'dt': array([14, 20, 18, 18, 19, 21, 23, 19, 22, 22, 21, 20, 17, 20, 12, 11, 12,
       17, 15, 16, 13, 13, 15, 14, 14, 14, 14, 15, 15, 14, 14, 13, 15, 16,
       15, 14, 14, 15, 14, 15, 15, 17, 16, 15, 14, 16, 14, 16, 15, 16, 17,
       17, 16, 17, 16, 16, 15, 15, 17, 15, 14, 16, 16], dtype=int32), 'latent_action': array([[ 0.74433076,  0.8019746 ],
       [-0.7944378 , -0.77366036],
       [-0.756058  , -0.7489897 ],
       [-0.7637263 , -0.75500447],
       [-0.7292665 , -0.72852504],
       [-0.7405558 , -0.74971724],
       [-0.78291595, -0.7580868 ],
       [ 0.7625599 , -0.22252062],
       [ 0.7293271 , -0.7463074 ],
       [ 0.7290591 , -0.7586951 ],
       [ 0.75649834, -0.53777635],
       [-0.29647005, -0.7501906 ],
       [-0.28914127, -0.5865947 ],
       [-0.19307129, -0.730137  ],
       [-0.4837534 , -0.01322668],
       [-0.44468302,  0.3972838 ],
       [-0.55031925,  0.08691021],
       [-0.02545739, -0.26130623],
       [ 0.18385161, -0.13689241],
       [-0.52361923, -0.26894397],
       [-0.07263748, -0.13092871],
       [ 0.10035593,  0.00458203],
       [-0.0054309 , -0.14110628],
       [ 0.04411258, -0.24627574],
       [-0.05124353, -0.15915042],
       [ 0.2920859 ,  0.24610966],
       [ 0.21379744,  0.20960127],
       [ 0.05141146, -0.32805705],
       [-0.05246513, -0.26072228],
       [-0.03420511, -0.23364212],
       [ 0.00558602, -0.14440393],
       [ 0.01654979,  0.08407371],
       [ 0.08215664, -0.27045083],
       [ 0.16545643, -0.26574013],
       [-0.18105409, -0.37985632],
       [ 0.07863495, -0.09785881],
       [ 0.26432675,  0.18043499],
       [-0.06607826, -0.44767925],
       [ 0.15035847,  0.15677634],
       [ 0.22531985, -0.14360122],
       [ 0.09557137, -0.2006186 ],
       [ 0.08477987, -0.28943256],
       [-0.276337  , -0.42669082],
       [ 0.23425768, -0.01724928],
       [ 0.1505114 , -0.27653486],
       [ 0.02348085, -0.42921352],
       [ 0.16441031, -0.09077018],
       [ 0.00994628, -0.46761465],
       [ 0.05859639, -0.36413932],
       [ 0.16157599, -0.250403  ],
       [-0.00922907, -0.48701835],
       [ 0.16062014, -0.38043976],
       [-0.05388757, -0.5182845 ],
       [-0.03846372, -0.5205392 ],
       [ 0.09940676, -0.43692866],
       [ 0.21307527, -0.4011343 ],
       [ 0.2061336 , -0.14984   ],
       [ 0.07597373, -0.35668445],
       [-0.00947583, -0.5316876 ],
       [ 0.2155301 , -0.12594849],
       [ 0.21620198, -0.22510473],
       [ 0.2610312 ,  0.00503066],
       [-0.14974725, -0.45768866]], dtype=float32), 'hybrid_action': array([[-1.78403392e-01, -1.36154026e-01],
       [ 5.01974046e-01,  2.99414366e-01],
       [ 5.07830799e-01,  1.88127086e-01],
       [ 4.65706587e-01,  1.44248530e-01],
       [ 4.02082443e-01,  2.07584396e-01],
       [ 3.89973313e-01,  3.45918059e-01],
       [ 3.26520890e-01,  5.02273619e-01],
       [-2.80384064e-01,  2.70286560e-01],
       [-1.65865406e-01,  4.57061172e-01],
       [-2.54974693e-01,  4.58921731e-01],
       [-2.83879697e-01,  3.84137034e-01],
       [ 3.40739965e-01,  3.08056980e-01],
       [ 2.11355641e-01,  7.19230697e-02],
       [ 1.68466255e-01,  2.80442655e-01],
       [ 2.17953250e-01, -2.28751242e-01],
       [ 1.17967956e-01, -2.87971348e-01],
       [ 3.46227676e-01, -2.15750739e-01],
       [ 1.04419477e-01,  1.06450163e-01],
       [-2.68710464e-01, -2.00543478e-02],
       [ 3.31690997e-01,  1.20301219e-02],
       [ 1.70054124e-03, -1.41292781e-01],
       [-9.24325734e-02, -1.98081940e-01],
       [-5.70232607e-02, -6.22320920e-02],
       [ 2.14643031e-02, -8.34855586e-02],
       [ 9.13436785e-02, -8.49364176e-02],
       [-9.95221436e-02, -1.22827843e-01],
       [-2.01108292e-01, -9.84517112e-02],
       [-3.15213688e-02, -4.07092832e-02],
       [ 9.55990981e-03, -5.91928251e-02],
       [ 9.60874408e-02, -8.24361145e-02],
       [ 2.18064878e-02, -7.86370933e-02],
       [-7.03006014e-02, -1.72361121e-01],
       [-1.29574211e-02, -3.63137051e-02],
       [-8.53694677e-02,  4.33246978e-03],
       [ 1.74194291e-01, -2.67755128e-02],
       [ 5.56964986e-03, -9.08594206e-02],
       [-1.98427826e-01, -1.18124396e-01],
       [ 1.78857103e-01, -4.97774109e-02],
       [-1.08666532e-01, -1.33828983e-01],
       [-4.97129299e-02, -4.06669676e-02],
       [-1.51180802e-02, -3.59748341e-02],
       [-9.03792530e-02,  9.25939232e-02],
       [ 2.47779548e-01,  2.17471588e-02],
       [-8.80422965e-02, -6.61111176e-02],
       [-6.74716383e-02, -8.59308317e-02],
       [ 1.06502369e-01,  1.67916398e-02],
       [-1.35673255e-01, -9.01996493e-02],
       [ 9.14781839e-02,  7.30235013e-04],
       [ 4.28467914e-02, -2.70843636e-02],
       [-7.70761892e-02,  5.84533485e-03],
       [ 9.68761221e-02,  1.20134562e-01],
       [-7.49777034e-02,  6.98077381e-02],
       [ 8.93230587e-02,  6.12983890e-02],
       [ 1.07508995e-01,  7.93359354e-02],
       [ 5.45153655e-02,  9.74232610e-03],
       [ 1.65658034e-02,  4.29751314e-02],
       [-8.91238376e-02, -1.99205545e-03],
       [-7.34068304e-02, -3.45930532e-02],
       [ 1.38720781e-01,  9.19514000e-02],
       [-7.07632378e-02, -3.78554873e-02],
       [-4.81031806e-04, -7.75084272e-02],
       [-2.16952682e-01,  4.09970619e-02],
       [ 1.15286373e-01,  1.45409899e-02]], dtype=float32)}",12.877081913221698,63.49999999999999
3300,747.0786280391873,"{0: [0, 0, 0, 0, 0, 0, 0, 0, 0, 1, 8, 17, 27, 41, 109, 155, 132, 51, 31, 19, 17, 7, 3, 2, 0, 0, 0, 0, 0, 0]}",[747.0786280391873],"{'state': array([[ 0.00000000e+00,  0.00000000e+00,  0.00000000e+00,
         0.00000000e+00,  0.00000000e+00],
       [-2.13887449e-02, -9.99864280e-01,  1.64766219e-02,
        -2.28283525e-01, -3.20698023e-01],
       [ 1.72943100e-02, -9.98904049e-01, -4.68045846e-02,
         6.34003699e-01,  9.55755234e-01],
       [ 1.96757540e-01, -9.58382547e-01, -2.85487145e-01,
         1.47078860e+00,  1.78392851e+00],
       [ 5.15062571e-01, -8.22319865e-01, -5.69025576e-01,
         2.26652932e+00,  1.77843487e+00],
       [ 1.02951467e+00, -6.46168590e-01, -7.63194680e-01,
         3.14759374e+00,  8.60712409e-01],
       [ 1.76191473e+00, -6.47588313e-01, -7.61990428e-01,
         3.82760239e+00, -8.77640963e-01],
       [ 1.83931780e+00, -9.03728545e-01,  4.28105921e-01,
        -5.97105861e-01, -6.67115927e+00],
       [ 1.68751824e+00, -1.09735541e-02,  9.99939799e-01,
        -1.00357807e+00, -4.73460436e+00],
       [ 1.53067672e+00,  5.38862705e-01,  8.42393637e-01,
        -9.85832572e-01, -2.57142997e+00],
       [ 1.39702070e+00,  7.90580273e-01,  6.12358391e-01,
        -4.26113009e-01, -1.17011619e+00],
       [ 1.25867057e+00,  7.93033838e-01,  6.09177589e-01,
        -8.91582251e-01,  1.13059151e+00],
       [ 1.01613963e+00,  3.88955683e-01,  9.21256483e-01,
        -1.39245343e+00,  3.87838697e+00],
       [ 7.43965507e-01, -5.58276474e-01,  8.29654992e-01,
        -1.41927826e+00,  6.52801085e+00],
       [ 5.01167119e-01, -8.74891102e-01, -4.84319717e-01,
        -1.14143705e+00,  7.51558638e+00],
       [ 2.82905489e-01,  2.17912987e-01, -9.75968182e-01,
        -1.01600456e+00,  5.07065248e+00],
       [ 1.40448540e-01,  7.84039497e-01, -6.20710909e-01,
        -5.29111505e-01,  2.56611633e+00],
       [ 7.30851740e-02,  9.11498129e-01, -4.11304235e-01,
        -6.95363402e-01,  1.96225119e+00],
       [-1.66717749e-02,  9.77858484e-01, -2.09267229e-01,
        -6.86869740e-01,  1.38008249e+00],
       [-9.70185250e-02,  9.98192012e-01, -6.01062626e-02,
        -3.19541156e-01,  5.61587989e-01],
       [-1.23904310e-01,  9.99923170e-01, -1.23966020e-02,
         2.32926477e-03,  2.06143837e-02],
       [-1.20993234e-01,  9.99886990e-01, -1.50331547e-02,
         3.92998643e-02, -5.92236742e-02],
       [-1.35969549e-01,  9.99992907e-01,  3.77398473e-03,
        -2.15859324e-01,  2.88635403e-01],
       [-1.36686236e-01,  9.99996603e-01,  2.59681046e-03,
         2.07445100e-01, -3.02985579e-01],
       [-1.14060886e-01,  9.99492943e-01, -3.18419263e-02,
         1.16333820e-01, -2.01388121e-01],
       [-1.25076860e-01,  9.99656558e-01, -2.62067914e-02,
        -2.63309509e-01,  2.78723210e-01],
       [-1.58310577e-01,  9.99996126e-01,  2.77323090e-03,
        -1.52647197e-01,  9.53681767e-02],
       [-1.69212133e-01,  9.99999940e-01,  2.81240180e-04,
         7.33465515e-03, -1.29545048e-01],
       [-1.91621870e-01,  9.99903202e-01,  1.39118955e-02,
        -2.87703782e-01,  3.05478632e-01],
       [-1.99711516e-01,  9.99937117e-01,  1.12139322e-02,
         1.86627671e-01, -3.40302140e-01],
       [-1.94400877e-01,  9.99982715e-01, -5.87875023e-03,
        -1.10481173e-01,  9.00061950e-02],
       [-2.06118390e-01,  9.99998927e-01, -1.46589440e-03,
        -2.74598096e-02, -3.61785740e-02],
       [-2.10848153e-01,  9.99978781e-01, -6.51416974e-03,
        -3.55157480e-02, -3.30633521e-02],
       [-2.31702745e-01,  9.99963701e-01,  8.52163695e-03,
        -2.10125506e-01,  2.16460273e-01],
       [-2.44438514e-01,  9.99881268e-01,  1.54096745e-02,
         5.07963412e-02, -1.27532437e-01],
       [-2.46887431e-01,  9.99920428e-01,  1.26163997e-02,
        -8.13545883e-02,  9.14730057e-02],
       [-2.49784082e-01,  9.99881327e-01,  1.54073620e-02,
         4.72194739e-02, -5.74226864e-02],
       [-2.43430108e-01,  9.99941647e-01,  1.08023500e-02,
         2.76239272e-02,  1.24844885e-03],
       [-2.24963918e-01,  9.99976397e-01, -6.87480113e-03,
         1.77921563e-01, -2.05755860e-01],
       [-2.06203297e-01,  9.99589741e-01, -2.86424085e-02,
         7.26007223e-02, -9.28693116e-02],
       [-2.12939367e-01,  9.99766827e-01, -2.15945300e-02,
        -1.62536263e-01,  1.89575002e-01],
       [-2.28150219e-01,  9.99959707e-01, -8.97744950e-03,
        -4.04946916e-02, -1.65053960e-02],
       [-2.36119822e-01,  9.99936879e-01, -1.12347873e-02,
        -5.90832531e-02, -1.26334289e-02],
       [-2.57035553e-01,  9.99998391e-01,  1.78916671e-03,
        -2.02603102e-01,  1.80745155e-01],
       [-2.63579756e-01,  9.99980748e-01, -6.20124675e-03,
         1.20944053e-01, -2.83876836e-01],
       [-2.64487654e-01,  9.99758184e-01, -2.19914187e-02,
        -1.33652300e-01,  5.26136160e-02],
       [-2.86463886e-01,  9.99866724e-01, -1.63244661e-02,
        -1.41155183e-01,  2.05464121e-02],
       [-3.10337067e-01,  9.99902248e-01, -1.39819421e-02,
        -1.57303065e-01,  9.69325937e-03],
       [-3.52017432e-01,  9.99972522e-01,  7.41445879e-03,
        -3.33472490e-01,  2.51295835e-01],
       [-3.84669483e-01,  9.99832213e-01,  1.83188431e-02,
        -5.08895628e-02, -1.18258253e-01],
       [-3.91868234e-01,  9.99998033e-01,  1.99789274e-03,
        -4.48104516e-02, -1.05610020e-01],
       [-4.17734206e-01,  9.99896109e-01,  1.44122634e-02,
        -3.00280690e-01,  2.75878698e-01],
       [-4.43471849e-01,  9.99568582e-01,  2.93703489e-02,
        -2.81740515e-03, -9.33455452e-02],
       [-4.49558854e-01,  9.99619722e-01,  2.75759846e-02,
        -7.32362270e-02,  7.01750368e-02],
       [-4.61918235e-01,  9.98955846e-01,  4.56858501e-02,
        -8.15891847e-02,  1.63730994e-01],
       [-4.47379708e-01,  9.99104798e-01,  4.23038378e-02,
         2.52694309e-01, -2.05029458e-01],
       [-4.03681338e-01,  9.99966443e-01,  8.19310453e-03,
         3.30542326e-01, -2.63007820e-01],
       [-3.69650632e-01,  9.99962449e-01, -8.66932422e-03,
         1.23495989e-01,  3.17174979e-02],
       [-3.50017697e-01,  9.99977171e-01, -6.75752619e-03,
         1.38243049e-01, -5.49465371e-03],
       [-3.38720530e-01,  9.99956906e-01,  9.28412750e-03,
        -5.64838853e-03,  2.01160952e-01],
       [-3.20625961e-01,  9.99819160e-01,  1.90165900e-02,
         2.18329787e-01, -8.24222863e-02]], dtype=float32), 'action': array([-0.17324369,  0.46566692,  0.51929665,  0.5222565 ,  0.5340747 ,
        0.3831435 , -0.17143863, -0.39265448, -0.03277406,  0.33613345,
       -0.20047711, -0.24784923, -0.15120591,  0.07947987,  0.26094034,
        0.3226999 , -0.17643471, -0.00973458,  0.22785851,  0.19238001,
        0.0261983 , -0.15487652,  0.25650212, -0.06794726, -0.26241165,
        0.07034308,  0.1098193 , -0.18925236,  0.3059213 , -0.21807343,
        0.05000499, -0.0058054 , -0.10565024,  0.16863073, -0.08401131,
        0.07881526, -0.01095218,  0.0861037 , -0.07346503, -0.16302396,
        0.08262423, -0.01266112, -0.09263338,  0.20791736, -0.18802345,
       -0.00616689, -0.01144823, -0.10689846,  0.17196973,  0.00487657,
       -0.17463814,  0.18161117, -0.04330692, -0.00282741,  0.20546989,
        0.05516468, -0.1419988 ,  0.00958069, -0.08702505,  0.13659239,
        0.01656886], dtype=float32), 'dt': array([13, 19, 17, 17, 19, 21, 24, 19, 16, 19, 21, 21, 19, 20, 20, 18, 11,
       13, 16, 17, 14, 17, 17, 14, 15, 16, 15, 16, 16, 14, 17, 15, 17, 16,
       16, 17, 17, 18, 15, 15, 15, 16, 16, 16, 14, 16, 16, 17, 17, 15, 15,
       17, 16, 16, 17, 15, 15, 15, 17, 17, 17], dtype=int32), 'latent_action': array([[ 0.7572187 ,  0.7568871 ],
       [-0.75378424, -0.73123324],
       [-0.77074575, -0.7665415 ],
       [-0.77504504, -0.7593534 ],
       [-0.762907  , -0.77329165],
       [-0.7648088 , -0.7792762 ],
       [ 0.48976666, -0.7725609 ],
       [ 0.7964211 ,  0.03811574],
       [ 0.0898545 , -0.06800731],
       [-0.38447875, -0.7644596 ],
       [ 0.7260902 , -0.7555547 ],
       [ 0.7584683 , -0.63249916],
       [ 0.42520148, -0.27358112],
       [ 0.19699669, -0.6626724 ],
       [-0.2743734 , -0.72904336],
       [-0.5639311 , -0.7528521 ],
       [-0.04234136,  0.56536806],
       [-0.26644203,  0.09689698],
       [-0.4036687 , -0.14025794],
       [-0.12471819, -0.52679735],
       [ 0.06978714, -0.49916852],
       [ 0.3066429 , -0.29384717],
       [-0.16936968, -0.61037815],
       [ 0.26863265,  0.15653695],
       [ 0.2885424 ,  0.21554565],
       [-0.03139962, -0.57181764],
       [ 0.01065895, -0.5693254 ],
       [ 0.20406374, -0.2081904 ],
       [-0.26279926, -0.59529865],
       [ 0.3236745 ,  0.23015061],
       [ 0.10057712, -0.6071662 ],
       [ 0.13615404, -0.4889995 ],
       [ 0.23475014, -0.43507886],
       [-0.07116353, -0.63542515],
       [ 0.2101999 , -0.45136937],
       [ 0.00763488, -0.62181616],
       [ 0.15249658, -0.5828144 ],
       [ 0.04528026, -0.55727977],
       [ 0.24621989, -0.09888943],
       [ 0.25421768, -0.0986532 ],
       [ 0.09710862, -0.50236523],
       [ 0.20397997, -0.31331518],
       [ 0.1675504 , -0.33561617],
       [-0.06649529, -0.6469728 ],
       [ 0.35517514,  0.34540674],
       [ 0.2561802 , -0.34948662],
       [ 0.16858885, -0.3218938 ],
       [ 0.18025191, -0.3360752 ],
       [-0.09721667, -0.587209  ],
       [ 0.1324634 , -0.32571045],
       [ 0.22310969, -0.24459504],
       [-0.12006268, -0.6106291 ],
       [ 0.19547221, -0.47741807],
       [ 0.10434305, -0.65979177],
       [-0.21752636, -0.65187407],
       [ 0.16679557, -0.4266951 ],
       [ 0.34098956, -0.04480989],
       [ 0.15018664, -0.5802548 ],
       [ 0.17910963, -0.46248645],
       [-0.03524374, -0.55214155],
       [ 0.05225314, -0.54704577]], dtype=float32), 'hybrid_action': array([[-1.73243687e-01, -1.63943127e-01],
       [ 4.65666920e-01,  2.71063119e-01],
       [ 5.19296646e-01,  1.33141384e-01],
       [ 5.22256494e-01,  1.29466176e-01],
       [ 5.34074724e-01,  2.49242038e-01],
       [ 3.83143514e-01,  3.53922874e-01],
       [-1.71438634e-01,  5.72860062e-01],
       [-3.92654479e-01,  2.12149933e-01],
       [-3.27740610e-02,  1.61405597e-02],
       [ 3.36133450e-01,  2.35360086e-01],
       [-2.00477108e-01,  3.58659744e-01],
       [-2.47849226e-01,  3.55418414e-01],
       [-1.51205912e-01,  2.25224629e-01],
       [ 7.94798732e-02,  3.23567331e-01],
       [ 2.60940343e-01,  2.87224233e-01],
       [ 3.22699904e-01,  1.89259484e-01],
       [-1.76434711e-01, -3.31989825e-01],
       [-9.73457657e-03, -1.88483164e-01],
       [ 2.27858514e-01,  3.86279047e-04],
       [ 1.92380011e-01,  1.13627136e-01],
       [ 2.61983033e-02, -1.05591007e-01],
       [-1.54876515e-01,  9.24943611e-02],
       [ 2.56502122e-01,  9.54265073e-02],
       [-6.79472610e-02, -1.02913633e-01],
       [-2.62411654e-01, -5.60624748e-02],
       [ 7.03430772e-02,  4.14658189e-02],
       [ 1.09819300e-01, -4.27266583e-03],
       [-1.89252362e-01,  3.75017058e-03],
       [ 3.05921286e-01,  5.36955111e-02],
       [-2.18073428e-01, -8.51309374e-02],
       [ 5.00049889e-02,  1.31813973e-01],
       [-5.80540113e-03, -7.20970891e-03],
       [-1.05650239e-01,  7.60439262e-02],
       [ 1.68630734e-01,  1.75557584e-02],
       [-8.40113088e-02,  2.63816956e-02],
       [ 7.88152590e-02,  8.74198154e-02],
       [-1.09521849e-02,  1.11508302e-01],
       [ 8.61037001e-02,  1.55676320e-01],
       [-7.34650344e-02, -4.91764694e-02],
       [-1.63023964e-01, -6.22378029e-02],
       [ 8.26242268e-02, -4.46783006e-03],
       [-1.26611236e-02,  7.43660424e-03],
       [-9.26333815e-02,  4.11770158e-02],
       [ 2.07917362e-01,  2.07897425e-02],
       [-1.88023448e-01, -8.99134800e-02],
       [-6.16688654e-03,  4.76173200e-02],
       [-1.14482334e-02,  5.38211614e-02],
       [-1.06898464e-01,  7.86468983e-02],
       [ 1.71969727e-01,  9.42823589e-02],
       [ 4.87656938e-03, -2.10349970e-02],
       [-1.74638137e-01, -6.21325262e-02],
       [ 1.81611165e-01,  1.12885229e-01],
       [-4.33069170e-02,  1.37873162e-02],
       [-2.82740593e-03,  3.00558340e-02],
       [ 2.05469891e-01,  7.81631619e-02],
       [ 5.51646799e-02, -4.01548706e-02],
       [-1.41998798e-01, -2.28005238e-02],
       [ 9.58069414e-03, -2.87781451e-02],
       [-8.70250538e-02,  8.44995379e-02],
       [ 1.36592388e-01,  8.19182321e-02],
       [ 1.65688582e-02,  1.09881870e-01]], dtype=float32)}",27.44052972004729,62.0
3350,759.3409357553219,"{0: [0, 0, 0, 0, 0, 0, 0, 0, 0, 0, 2, 9, 18, 27, 49, 113, 208, 88, 33, 25, 14, 3, 5, 3, 0, 0, 0, 0, 0, 0]}",[759.3409357553219],"{'state': array([[ 0.00000000e+00,  0.00000000e+00,  0.00000000e+00,
         0.00000000e+00,  0.00000000e+00],
       [-1.33152679e-02, -9.99725342e-01,  2.34356448e-02,
        -2.36781374e-01, -3.28303605e-01],
       [ 3.11183706e-02, -9.98676479e-01, -5.14328517e-02,
         6.79288387e-01,  1.03833246e+00],
       [ 2.28064433e-01, -9.50210869e-01, -3.11607540e-01,
         1.50148511e+00,  1.77725017e+00],
       [ 5.52619278e-01, -8.09839725e-01, -5.86651206e-01,
         2.30979490e+00,  1.72009969e+00],
       [ 1.10318720e+00, -6.39521539e-01, -7.68773198e-01,
         3.19543195e+00,  6.54497027e-01],
       [ 1.84936416e+00, -6.70421839e-01, -7.41980135e-01,
         2.88523149e+00, -2.02331090e+00],
       [ 1.84346366e+00, -8.65927041e-01,  5.00170290e-01,
        -5.28030992e-01, -6.48568439e+00],
       [ 1.72894895e+00, -3.73680033e-02,  9.99301553e-01,
        -7.55142808e-01, -4.47444534e+00],
       [ 1.57910550e+00,  4.49835390e-01,  8.93111467e-01,
        -1.26939702e+00, -2.21672535e+00],
       [ 1.24358368e+00,  5.79294205e-01,  8.15118551e-01,
        -1.78930771e+00,  8.20792556e-01],
       [ 8.40270936e-01,  1.50035530e-01,  9.88680601e-01,
        -2.02336049e+00,  3.68340278e+00],
       [ 5.11771321e-01, -7.71256983e-01,  6.36523843e-01,
        -1.21266329e+00,  6.67984295e+00],
       [ 3.26824993e-01, -7.10583448e-01, -7.03612924e-01,
        -7.80280471e-01,  7.16744137e+00],
       [ 2.02392504e-01,  3.87489468e-01, -9.21874106e-01,
        -4.11464900e-01,  4.52550316e+00],
       [ 1.66032985e-01,  8.60690355e-01, -5.09128749e-01,
         7.82084465e-02,  1.98242486e+00],
       [ 1.68074280e-01,  9.45180655e-01, -3.26547831e-01,
        -4.49564867e-02,  1.43222761e+00],
       [ 1.67407677e-01,  9.82566357e-01, -1.85912147e-01,
         3.34041081e-02,  8.53304207e-01],
       [ 1.81564286e-01,  9.94726300e-01, -1.02564968e-01,
         1.67687729e-01,  3.79417121e-01],
       [ 2.15203136e-01,  9.97375548e-01, -7.24016279e-02,
         2.80333698e-01,  3.57508436e-02],
       [ 2.69298494e-01,  9.95840549e-01, -9.11131203e-02,
         3.56435329e-01, -2.64676511e-01],
       [ 2.72081643e-01,  9.97383595e-01, -7.22905993e-02,
        -3.19686741e-01,  5.23999155e-01],
       [ 2.48480424e-01,  9.99258339e-01, -3.85067016e-02,
         2.40789074e-02, -8.74457061e-02],
       [ 2.43564308e-01,  9.98874307e-01, -4.74359691e-02,
        -8.53627324e-02, -2.79270299e-02],
       [ 2.11870804e-01,  9.99422133e-01, -3.39907855e-02,
        -3.11056376e-01,  2.01645330e-01],
       [ 1.46447152e-01,  9.99896288e-01,  1.44017143e-02,
        -4.59580898e-01,  3.88716131e-01],
       [ 1.01667754e-01,  9.99363303e-01,  3.56796384e-02,
        -3.84263285e-02, -1.42388716e-01],
       [ 1.02883734e-01,  9.99974549e-01,  7.13621266e-03,
         5.41543104e-02, -2.26146340e-01],
       [ 9.69564244e-02,  9.99979973e-01, -6.32612826e-03,
        -1.32948831e-01,  4.14936803e-02],
       [ 6.89629242e-02,  9.99979615e-01,  6.38700463e-03,
        -1.78353861e-01,  1.05583392e-01],
       [ 5.84888831e-02,  9.99998510e-01, -1.71916420e-03,
         4.75757644e-02, -2.10213125e-01],
       [ 4.67008986e-02,  9.99963939e-01, -8.49411357e-03,
        -1.94796428e-01,  1.22754484e-01],
       [ 1.00915814e-02,  9.99850094e-01,  1.73153318e-02,
        -2.36407429e-01,  1.92063287e-01],
       [ 2.38463818e-03,  9.99977052e-01,  6.77843718e-03,
         1.45941719e-01, -3.20606560e-01],
       [ 1.13406181e-02,  9.99727070e-01, -2.33629700e-02,
        -2.60021277e-02, -9.28524062e-02],
       [-1.04435384e-02,  9.99855816e-01, -1.69811957e-02,
        -2.46416360e-01,  1.75246939e-01],
       [-5.01030385e-02,  9.99983132e-01,  5.81236323e-03,
        -1.94718927e-01,  8.84580836e-02],
       [-7.49711320e-02,  9.99942958e-01,  1.06824283e-02,
        -9.79441926e-02, -2.90502198e-02],
       [-7.83913210e-02,  9.99923646e-01, -1.23574277e-02,
         5.81570715e-02, -2.51980186e-01],
       [-9.50208381e-02,  9.99830902e-01, -1.83907133e-02,
        -2.65908629e-01,  1.74078166e-01],
       [-1.33296445e-01,  9.99999225e-01,  1.26713619e-03,
        -2.12900430e-01,  7.96692893e-02],
       [-1.68726668e-01,  9.99920011e-01,  1.26503771e-02,
        -1.81006134e-01,  5.20276465e-02],
       [-1.87152788e-01,  9.99981225e-01,  6.13140035e-03,
        -3.56451161e-02, -1.31545901e-01],
       [-2.09704190e-01,  9.99978125e-01,  6.61072275e-03,
        -2.14933351e-01,  1.37086838e-01],
       [-2.19092369e-01,  9.99966681e-01, -8.16140883e-03,
         1.04770243e-01, -3.17267090e-01],
       [-2.24927872e-01,  9.99627233e-01, -2.73011047e-02,
        -1.82236776e-01,  5.46686873e-02],
       [-2.78238207e-01,  9.99943733e-01,  1.06103607e-02,
        -4.45686966e-01,  4.07820255e-01],
       [-3.05823445e-01,  9.99872684e-01,  1.59579497e-02,
         1.00763358e-01, -3.38761866e-01],
       [-3.21607769e-01,  9.99934077e-01,  1.14809750e-02,
        -3.11139435e-01,  2.77348280e-01],
       [-3.52565080e-01,  9.99475420e-01,  3.23863365e-02,
        -7.62214586e-02, -7.40286708e-03],
       [-3.54856163e-01,  9.99761403e-01,  2.18438823e-02,
         4.94745262e-02, -1.21242166e-01],
       [-3.50360215e-01,  9.99945879e-01,  1.04039218e-02,
         3.64376791e-03, -1.83128342e-02],
       [-3.53211105e-01,  9.99895632e-01,  1.44457454e-02,
        -3.93540412e-02,  7.04855397e-02],
       [-3.45528483e-01,  9.99963045e-01,  8.59978236e-03,
         1.29850939e-01, -1.41796187e-01],
       [-3.27187806e-01,  9.99952972e-01, -9.70044173e-03,
         8.62821564e-02, -8.14240277e-02],
       [-3.25883657e-01,  9.99978781e-01, -6.51101582e-03,
        -7.00376555e-02,  1.22591458e-01],
       [-3.20431739e-01,  9.99930978e-01, -1.17481733e-02,
         1.30720153e-01, -1.83175176e-01],
       [-3.35944891e-01,  9.99954224e-01,  9.56844725e-03,
        -3.13641578e-01,  4.43193942e-01],
       [-3.50177169e-01,  9.99453127e-01,  3.30668576e-02,
         1.45724565e-01, -1.56411961e-01]], dtype=float32), 'action': array([-0.17533964,  0.46972018,  0.48440257,  0.5318183 ,  0.51159894,
        0.43219653, -0.020051  , -0.2901815 , -0.41598177, -0.22656251,
       -0.12085789,  0.3031884 ,  0.23923457,  0.3739837 ,  0.26812798,
       -0.12758951,  0.04648618,  0.08904891,  0.07122628,  0.04045718,
       -0.46961513,  0.21726874, -0.07338375, -0.14800477, -0.09061903,
        0.24261053,  0.06102949, -0.12828983, -0.02597506,  0.14545478,
       -0.15622948, -0.02489775,  0.23232266, -0.11849677, -0.14316507,
        0.02917172,  0.0591556 ,  0.09444945, -0.20948757,  0.03348183,
        0.01871318,  0.08865269, -0.10210943,  0.19350132, -0.19807693,
       -0.1600967 ,  0.35234734, -0.28153235,  0.15259865,  0.07798454,
       -0.02662736, -0.0267872 ,  0.10324463, -0.02641056, -0.10109418,
        0.11419374, -0.2691111 ,  0.27960038, -0.0499314 ], dtype=float32), 'dt': array([14, 20, 18, 17, 20, 21, 23, 18, 15, 22, 21, 20, 20, 20, 20, 12, 13,
       14, 15, 17, 15, 16, 16, 16, 17, 18, 16, 15, 18, 16, 16, 17, 17, 15,
       16, 18, 17, 17, 16, 16, 18, 17, 18, 17, 15, 17, 16, 15, 16, 17, 17,
       16, 17, 17, 16, 18, 17, 17, 17], dtype=int32), 'latent_action': array([[ 0.7449964 ,  0.7502872 ],
       [-0.75783515, -0.76455075],
       [-0.71337426, -0.7638495 ],
       [-0.7569252 , -0.7667335 ],
       [-0.7230133 , -0.7595689 ],
       [-0.7768353 , -0.75577056],
       [ 0.2561986 , -0.7621736 ],
       [ 0.76977575, -0.0043132 ],
       [ 0.7624917 ,  0.35145292],
       [ 0.76773137, -0.7566539 ],
       [ 0.6192318 , -0.74436194],
       [-0.19373298, -0.67857945],
       [-0.17448264, -0.7611501 ],
       [-0.4684581 , -0.7601747 ],
       [-0.3672798 , -0.6946252 ],
       [ 0.01283148,  0.23909424],
       [-0.16488266,  0.0867236 ],
       [-0.15523571, -0.32950836],
       [-0.02078075, -0.4623494 ],
       [ 0.15654455, -0.47787875],
       [ 0.58125037,  0.56420016],
       [-0.14662768, -0.60413116],
       [ 0.15376289, -0.12569782],
       [ 0.24715339, -0.34495002],
       [ 0.13740695, -0.63984734],
       [-0.3959931 , -0.64544284],
       [-0.0014935 , -0.5097183 ],
       [ 0.25372174, -0.23013999],
       [ 0.12244598, -0.671837  ],
       [ 0.03751727, -0.6750268 ],
       [ 0.28013608, -0.30457774],
       [ 0.09400725, -0.6576251 ],
       [-0.16708347, -0.6788143 ],
       [ 0.32268715, -0.06088688],
       [ 0.22324997, -0.42982516],
       [ 0.05100687, -0.61870426],
       [ 0.03097463, -0.67535603],
       [ 0.06568269, -0.67689395],
       [ 0.35447696, -0.09422255],
       [ 0.05350925, -0.67445016],
       [ 0.11213887, -0.6538358 ],
       [ 0.06133736, -0.693215  ],
       [ 0.27595627, -0.6268699 ],
       [-0.01532681, -0.6997776 ],
       [ 0.39947692,  0.227699  ],
       [ 0.28800407, -0.55413795],
       [-0.377129  , -0.6589929 ],
       [ 0.46270496,  0.01222021],
       [-0.10074852, -0.67582345],
       [ 0.07182896, -0.66960406],
       [ 0.15762672, -0.60661757],
       [ 0.19076277, -0.6378017 ],
       [ 0.017697  , -0.6586611 ],
       [ 0.20811649, -0.58886003],
       [ 0.31910127, -0.60506576],
       [ 0.07941575, -0.6976991 ],
       [ 0.4089343 , -0.2877847 ],
       [-0.33389738, -0.54679644],
       [ 0.23180574, -0.6853541 ]], dtype=float32), 'hybrid_action': array([[-0.17533964, -0.08914101],
       [ 0.46972018,  0.3232951 ],
       [ 0.48440257,  0.20651104],
       [ 0.5318183 ,  0.13467652],
       [ 0.51159894,  0.2957389 ],
       [ 0.43219653,  0.3635024 ],
       [-0.020051  ,  0.49422425],
       [-0.2901815 ,  0.1774125 ],
       [-0.41598177, -0.00633723],
       [-0.22656251,  0.47497514],
       [-0.12085789,  0.41059497],
       [ 0.3031884 ,  0.3176158 ],
       [ 0.23923457,  0.34339595],
       [ 0.3739837 ,  0.28059426],
       [ 0.26812798,  0.29812476],
       [-0.12758951, -0.22380319],
       [ 0.04648618, -0.18073942],
       [ 0.08904891, -0.10760711],
       [ 0.07122628, -0.0494189 ],
       [ 0.04045718,  0.13202867],
       [-0.46961513, -0.0023724 ],
       [ 0.21726874,  0.04513811],
       [-0.07338375,  0.02503361],
       [-0.14800477,  0.0313265 ],
       [-0.09061903,  0.11820233],
       [ 0.24261053,  0.20496455],
       [ 0.06102949,  0.0350638 ],
       [-0.12828983, -0.03357666],
       [-0.02597506,  0.17423107],
       [ 0.14545478,  0.03792225],
       [-0.15622948,  0.00983676],
       [-0.02489775,  0.12687485],
       [ 0.23232266,  0.12846833],
       [-0.11849677, -0.0661746 ],
       [-0.14316507,  0.04004589],
       [ 0.02917172,  0.17775154],
       [ 0.0591556 ,  0.10077947],
       [ 0.09444945,  0.10169662],
       [-0.20948757,  0.06671022],
       [ 0.03348183,  0.01880771],
       [ 0.01871318,  0.18411806],
       [ 0.08865269,  0.12352451],
       [-0.10210943,  0.15065947],
       [ 0.19350132,  0.07735849],
       [-0.19807693, -0.00322534],
       [-0.1600967 ,  0.11353501],
       [ 0.35234734,  0.05685925],
       [-0.28153235, -0.01653359],
       [ 0.15259865,  0.03391597],
       [ 0.07798454,  0.11356467],
       [-0.02662736,  0.10937284],
       [-0.0267872 ,  0.03958255],
       [ 0.10324463,  0.09646432],
       [-0.02641056,  0.13387983],
       [-0.10109418,  0.04729887],
       [ 0.11419374,  0.19438902],
       [-0.2691111 ,  0.13673167],
       [ 0.27960038,  0.08436277],
       [-0.0499314 ,  0.13058059]], dtype=float32)}",23.383384789387712,59.699999999999996
3400,754.6565450096261,"{0: [0, 0, 0, 0, 0, 0, 0, 0, 0, 0, 1, 5, 22, 31, 40, 77, 183, 170, 46, 6, 7, 2, 5, 0, 0, 0, 0, 0, 0, 0]}",[754.6565450096261],"{'state': array([[ 0.00000000e+00,  0.00000000e+00,  0.00000000e+00,
         0.00000000e+00,  0.00000000e+00],
       [-1.76653266e-02, -9.99884903e-01,  1.51706096e-02,
        -1.85876831e-01, -2.79030293e-01],
       [ 4.65819612e-02, -9.96813655e-01, -7.97655061e-02,
         8.25935662e-01,  1.17934525e+00],
       [ 2.57431090e-01, -9.39686358e-01, -3.42037380e-01,
         1.64719272e+00,  1.85839331e+00],
       [ 6.50616646e-01, -7.70991206e-01, -6.36845827e-01,
         2.48439813e+00,  1.55475736e+00],
       [ 1.23903739e+00, -6.25221252e-01, -7.80447543e-01,
         3.40019107e+00,  3.93469155e-01],
       [ 1.90131783e+00, -7.80252159e-01, -6.25465095e-01,
         5.52440763e-01, -4.83195162e+00],
       [ 1.84386480e+00, -9.59667623e-01,  2.81137079e-01,
        -8.09411466e-01, -7.05743694e+00],
       [ 1.66971290e+00, -1.26058549e-01,  9.92022812e-01,
        -1.10552895e+00, -5.42808771e+00],
       [ 1.46495640e+00,  5.27859986e-01,  8.49331379e-01,
        -1.49198544e+00, -3.08892608e+00],
       [ 1.26876760e+00,  8.30234647e-01,  5.57414055e-01,
        -8.20489764e-01, -2.05702972e+00],
       [ 1.15589011e+00,  9.47549582e-01,  3.19608778e-01,
        -5.89110851e-01, -1.36658251e+00],
       [ 1.07799172e+00,  9.89159346e-01,  1.46846011e-01,
        -4.47161049e-01, -1.07246435e+00],
       [ 9.95927036e-01,  9.98432219e-01,  5.59745096e-02,
        -8.14252377e-01, -3.62328768e-01],
       [ 8.45022440e-01,  9.99779761e-01,  2.09859200e-02,
        -9.60420310e-01, -6.47084415e-02],
       [ 6.83083773e-01,  9.99995053e-01, -3.14863678e-03,
        -8.38397324e-01, -2.14524478e-01],
       [ 5.33534348e-01,  9.99856234e-01, -1.69562381e-02,
        -1.03071046e+00,  3.62776257e-02],
       [ 3.45711797e-01,  9.99987006e-01,  5.09739481e-03,
        -1.17939889e+00,  2.32733756e-01],
       [ 1.54524848e-01,  9.99811172e-01,  1.94316115e-02,
        -9.45204139e-01, -6.68691993e-02],
       [-1.20414598e-02,  9.99792993e-01,  2.03471240e-02,
        -1.01441634e+00,  7.80362263e-02],
       [-1.88037083e-01,  9.99019325e-01,  4.42762598e-02,
        -1.05658650e+00,  2.13978216e-01],
       [-3.53902757e-01,  9.98223782e-01,  5.95756471e-02,
        -7.86694407e-01, -3.66810001e-02],
       [-4.85618770e-01,  9.98036623e-01,  6.26330599e-02,
        -7.62965918e-01,  7.40414411e-02],
       [-6.01003230e-01,  9.97692347e-01,  6.78968653e-02,
        -5.94605446e-01, -9.68507677e-03],
       [-7.08395123e-01,  9.95925248e-01,  9.01828036e-02,
        -6.69249356e-01,  2.82289445e-01],
       [-7.78165281e-01,  9.95936453e-01,  9.00587365e-02,
        -1.05980024e-01, -2.83719361e-01],
       [-8.13321948e-01,  9.96492028e-01,  8.36874992e-02,
        -3.07508647e-01,  2.05754444e-01],
       [-8.18848073e-01,  9.97657180e-01,  6.84113428e-02,
         2.46441022e-01, -3.83160532e-01],
       [-7.96901584e-01,  9.99048948e-01,  4.36032973e-02,
         1.22232102e-02,  8.01952407e-02],
       [-7.77853370e-01,  9.99122798e-01,  4.18765321e-02,
         2.11905167e-01, -1.01275958e-01],
       [-7.34071136e-01,  9.99717593e-01,  2.37638857e-02,
         2.74939686e-01, -1.08386546e-01],
       [-6.97782993e-01,  9.99688029e-01,  2.49770582e-02,
         1.51958227e-01,  1.23184435e-01],
       [-6.44931138e-01,  9.99929965e-01,  1.18342992e-02,
         4.70085323e-01, -2.83539295e-01],
       [-6.06488168e-01,  9.99553919e-01,  2.98647713e-02,
        -4.32994440e-02,  4.92123127e-01],
       [-5.50847352e-01,  9.99535859e-01,  3.04635987e-02,
         6.97874665e-01, -4.84794259e-01],
       [-4.58871275e-01,  9.99864638e-01, -1.64523218e-02,
         4.52689588e-01, -1.20829418e-01],
       [-3.76720726e-01,  9.98758078e-01, -4.98232655e-02,
         5.14435589e-01, -2.86417782e-01],
       [-3.38629514e-01,  9.98835921e-01, -4.82367314e-02,
         2.97027081e-02,  3.09679747e-01],
       [-3.22743595e-01,  9.99767661e-01, -2.15539709e-02,
         1.68383837e-01,  3.49063426e-02],
       [-2.96582252e-01,  9.99906480e-01, -1.36760483e-02,
         1.22134551e-01,  5.62471896e-02],
       [-2.71877676e-01,  9.99967694e-01, -8.03484581e-03,
         1.37789488e-01,  5.86109608e-03],
       [-2.33548462e-01,  9.99510884e-01, -3.12737636e-02,
         3.13592404e-01, -2.89348453e-01],
       [-2.14768320e-01,  9.99238133e-01, -3.90281267e-02,
        -7.86872879e-02,  1.89155117e-01],
       [-2.27706760e-01,  9.99908149e-01, -1.35522941e-02,
        -5.80636002e-02,  9.14047807e-02],
       [-2.39935696e-01,  9.99993384e-01,  3.63190705e-03,
        -7.81705454e-02,  1.07402325e-01],
       [-2.24353835e-01,  9.99805093e-01, -1.97436549e-02,
         2.51780689e-01, -3.77827555e-01],
       [-2.23243147e-01,  9.99639332e-01, -2.68554576e-02,
        -2.35788897e-01,  2.73624659e-01],
       [-2.65746027e-01,  9.99802053e-01,  1.98952835e-02,
        -2.37433374e-01,  2.67274976e-01],
       [-2.73601562e-01,  9.99720812e-01,  2.36276984e-02,
         1.39164001e-01, -2.19068825e-01],
       [-2.52981514e-01,  9.99978483e-01, -6.56057009e-03,
         1.04016922e-01, -1.49174124e-01],
       [-2.43321434e-01,  9.99736369e-01, -2.29603425e-02,
         9.95568652e-03, -5.08933403e-02],
       [-2.46864185e-01,  9.99601960e-01, -2.82115284e-02,
        -5.41416407e-02, -1.69122163e-02],
       [-2.56328702e-01,  9.99249279e-01, -3.87404934e-02,
        -5.08015230e-02, -1.04960769e-01],
       [-2.85608172e-01,  9.99486983e-01, -3.20277140e-02,
        -3.15315276e-01,  1.91673473e-01],
       [-3.33459169e-01,  9.99870539e-01, -1.60890296e-02,
        -2.16693148e-01, -7.23639643e-03],
       [-3.69269788e-01,  9.99748707e-01, -2.24172361e-02,
        -2.04484120e-01, -6.99645504e-02],
       [-4.25231576e-01,  9.99924421e-01, -1.22928526e-02,
        -4.17522430e-01,  1.87117323e-01],
       [-4.98769701e-01,  9.99898732e-01,  1.42299682e-02,
        -3.57145399e-01,  1.04884818e-01],
       [-5.67327559e-01,  9.99008000e-01,  4.45308834e-02,
        -4.05233383e-01,  2.45804116e-01]], dtype=float32), 'action': array([-1.21283256e-01,  5.20148277e-01,  5.14677763e-01,  4.99211937e-01,
        5.27650774e-01,  3.69087964e-01, -4.71503049e-01, -3.50135118e-01,
       -3.38089615e-01,  4.32166070e-01,  1.71941251e-01,  1.11872777e-01,
       -2.83759683e-01, -8.58863890e-02,  7.03626946e-02, -1.24424644e-01,
       -9.04872492e-02,  1.34744063e-01, -4.05723080e-02, -2.33457405e-02,
        1.57932892e-01,  1.85653362e-02,  1.06447585e-01, -3.97776105e-02,
        3.28542292e-01, -1.16070069e-01,  3.22209507e-01, -1.37946784e-01,
        1.23879045e-01,  3.83341126e-02, -7.27566779e-02,  1.93901733e-01,
       -2.92184919e-01,  4.50879812e-01, -1.57168597e-01,  3.51171866e-02,
       -3.59584332e-01,  8.67725834e-02, -2.76633035e-02,  7.74406595e-03,
        1.05087645e-01, -2.54742116e-01,  9.36781801e-03, -1.18463850e-02,
        1.88164651e-01, -3.59829992e-01, -1.19187252e-03,  2.43713558e-01,
       -2.06821412e-02, -5.79693988e-02, -4.30063196e-02, -4.05237050e-04,
       -1.72598064e-01,  5.47332615e-02,  6.04497734e-03, -1.23065352e-01,
        3.27718593e-02, -2.54981928e-02,  2.17636943e-01], dtype=float32), 'dt': array([16, 20, 17, 19, 20, 21, 15, 18, 16, 17, 16, 15, 13, 17, 18, 16, 17,
       18, 17, 17, 18, 17, 17, 17, 18, 17, 18, 17, 17, 18, 17, 17, 18, 17,
       16, 17, 14, 16, 18, 19, 17, 16, 19, 18, 18, 14, 18, 16, 17, 17, 16,
       18, 16, 18, 17, 18, 19, 18, 18], dtype=int32), 'latent_action': array([[ 0.7848559 ,  0.7269911 ],
       [-0.76690555, -0.7572297 ],
       [-0.75420666, -0.7532967 ],
       [-0.773958  , -0.7918104 ],
       [-0.8012072 , -0.77222645],
       [-0.7190641 , -0.7666348 ],
       [ 0.75400233,  0.30807593],
       [ 0.7556146 , -0.04393701],
       [ 0.71883523,  0.2837508 ],
       [-0.59319454, -0.4035266 ],
       [-0.17119142, -0.21389516],
       [-0.04948588,  0.06955818],
       [ 0.356859  ,  0.51411235],
       [ 0.30714703, -0.1561079 ],
       [ 0.17470726, -0.4999048 ],
       [ 0.34876418, -0.1394378 ],
       [ 0.1865935 , -0.45036274],
       [ 0.02463876, -0.5512831 ],
       [ 0.23627569, -0.35471994],
       [ 0.17567666, -0.3841527 ],
       [-0.03347405, -0.59751797],
       [ 0.18819602, -0.41340905],
       [-0.01990185, -0.5597589 ],
       [ 0.10156702, -0.5958304 ],
       [-0.27650902, -0.6856926 ],
       [ 0.28008583, -0.59700346],
       [-0.21241592, -0.7010589 ],
       [ 0.4543052 , -0.52501965],
       [ 0.06419577, -0.68700993],
       [ 0.17430857, -0.69545376],
       [ 0.34434664, -0.74169856],
       [-0.10428589, -0.75389683],
       [ 0.401821  , -0.6403921 ],
       [-0.601055  , -0.6920742 ],
       [ 0.45379093, -0.25722444],
       [ 0.3743193 , -0.62106705],
       [ 0.5370577 ,  0.27361575],
       [-0.07218058, -0.7234504 ],
       [ 0.17543685, -0.68638635],
       [ 0.1849601 , -0.7501199 ],
       [ 0.10216586, -0.72235125],
       [ 0.50092196,  0.0872405 ],
       [ 0.22143494, -0.7186929 ],
       [ 0.13023554, -0.74880004],
       [-0.00237189, -0.7087258 ],
       [ 0.48003116,  0.3094846 ],
       [ 0.09213987, -0.7244081 ],
       [-0.23736162, -0.7157602 ],
       [ 0.25820825, -0.6784427 ],
       [ 0.273559  , -0.64051473],
       [ 0.32646537, -0.62138397],
       [ 0.2947938 , -0.6357651 ],
       [ 0.39587754, -0.3841186 ],
       [ 0.19753174, -0.70800817],
       [ 0.29927886, -0.62033653],
       [ 0.33276632, -0.36376262],
       [ 0.20017293, -0.6681327 ],
       [ 0.12875278, -0.7023512 ],
       [-0.30071923, -0.7596513 ]], dtype=float32), 'hybrid_action': array([[-1.21283256e-01,  1.11366827e-02],
       [ 5.20148277e-01,  2.81759202e-01],
       [ 5.14677763e-01,  9.72655043e-02],
       [ 4.99211937e-01,  2.55697638e-01],
       [ 5.27650774e-01,  2.87128240e-01],
       [ 3.69087964e-01,  3.93708706e-01],
       [-4.71503049e-01, -5.57594933e-03],
       [-3.50135118e-01,  1.45024002e-01],
       [-3.38089615e-01,  4.36520316e-02],
       [ 4.32166070e-01,  1.03629805e-01],
       [ 1.71941251e-01,  5.07270498e-03],
       [ 1.11872777e-01, -4.39344235e-02],
       [-2.83759683e-01, -1.49963558e-01],
       [-8.58863890e-02,  9.20011178e-02],
       [ 7.03626946e-02,  2.03073308e-01],
       [-1.24424644e-01,  5.33760712e-02],
       [-9.04872492e-02,  9.71605554e-02],
       [ 1.34744063e-01,  1.95169166e-01],
       [-4.05723080e-02,  1.34394094e-01],
       [-2.33457405e-02,  8.72604921e-02],
       [ 1.57932892e-01,  1.76771984e-01],
       [ 1.85653362e-02,  1.15782224e-01],
       [ 1.06447585e-01,  1.07821815e-01],
       [-3.97776105e-02,  1.07105188e-01],
       [ 3.28542292e-01,  1.65888608e-01],
       [-1.16070069e-01,  1.30919829e-01],
       [ 3.22209507e-01,  1.83496922e-01],
       [-1.37946784e-01,  1.11281544e-01],
       [ 1.23879045e-01,  9.42958072e-02],
       [ 3.83341126e-02,  1.56204656e-01],
       [-7.27566779e-02,  1.11167803e-01],
       [ 1.93901733e-01,  1.21041827e-01],
       [-2.92184919e-01,  1.71377301e-01],
       [ 4.50879812e-01,  1.18803144e-01],
       [-1.57168597e-01,  2.29712091e-02],
       [ 3.51171866e-02,  1.29483610e-01],
       [-3.59584332e-01, -1.08480483e-01],
       [ 8.67725834e-02,  6.07960336e-02],
       [-2.76633035e-02,  1.39756799e-01],
       [ 7.74406595e-03,  2.65386343e-01],
       [ 1.05087645e-01,  8.19510072e-02],
       [-2.54742116e-01,  1.92238577e-02],
       [ 9.36781801e-03,  2.20657155e-01],
       [-1.18463850e-02,  1.80092826e-01],
       [ 1.88164651e-01,  1.97342247e-01],
       [-3.59829992e-01, -8.80963951e-02],
       [-1.19187252e-03,  1.54096112e-01],
       [ 2.43713558e-01,  4.31923643e-02],
       [-2.06821412e-02,  1.36265129e-01],
       [-5.79693988e-02,  1.29617810e-01],
       [-4.30063196e-02,  6.85800835e-02],
       [-4.05237050e-04,  1.75058886e-01],
       [-1.72598064e-01,  4.56173494e-02],
       [ 5.47332615e-02,  1.79614663e-01],
       [ 6.04497734e-03,  1.27620086e-01],
       [-1.23065352e-01,  1.44611299e-01],
       [ 3.27718593e-02,  2.38237441e-01],
       [-2.54981928e-02,  1.40479505e-01],
       [ 2.17636943e-01,  1.38637960e-01]], dtype=float32)}",12.3423367815005,59.5
3450,778.0547887501818,"{0: [0, 0, 0, 0, 0, 0, 0, 0, 0, 0, 2, 10, 31, 36, 40, 72, 154, 180, 47, 10, 5, 2, 5, 3, 0, 0, 0, 0, 0, 0]}",[778.0547887501818],"{'state': array([[ 0.00000000e+00,  0.00000000e+00,  0.00000000e+00,
         0.00000000e+00,  0.00000000e+00],
       [-2.65538637e-02, -9.99524295e-01,  3.08405533e-02,
        -2.61397749e-01, -3.55989486e-01],
       [ 3.12288161e-02, -9.97860789e-01, -6.53745905e-02,
         8.67363095e-01,  1.32178152e+00],
       [ 3.00283223e-01, -9.11835611e-01, -4.10555452e-01,
         1.95257843e+00,  2.24410105e+00],
       [ 7.57469058e-01, -6.83587849e-01, -7.29868233e-01,
         2.85321832e+00,  1.70882642e+00],
       [ 1.40571904e+00, -5.37152648e-01, -8.43485057e-01,
         3.63237834e+00,  6.78378418e-02],
       [ 1.88113511e+00, -9.50418353e-01, -3.10974240e-01,
        -3.78428280e-01, -6.39244986e+00],
       [ 1.76831925e+00, -7.15233743e-01,  6.98885322e-01,
        -9.51875627e-01, -6.69741154e+00],
       [ 1.58600461e+00,  1.70347899e-01,  9.85383987e-01,
        -1.22245991e+00, -4.52894068e+00],
       [ 1.42419076e+00,  5.72939575e-01,  8.19597602e-01,
        -1.49207032e+00, -2.79897928e+00],
       [ 1.23842621e+00,  8.42960835e-01,  5.37974954e-01,
        -6.95018709e-01, -1.98592222e+00],
       [ 1.15517986e+00,  9.43683743e-01,  3.30848873e-01,
        -4.93113130e-01, -1.38730884e+00],
       [ 1.08422148e+00,  9.83021080e-01,  1.83492526e-01,
        -5.19006789e-01, -8.44815791e-01],
       [ 1.01376867e+00,  9.95260835e-01,  9.72411633e-02,
        -5.63738048e-01, -5.24112701e-01],
       [ 9.35603857e-01,  9.99441624e-01,  3.34123708e-02,
        -5.51894665e-01, -4.12607580e-01],
       [ 8.57341051e-01,  9.99784052e-01, -2.07818784e-02,
        -5.65275371e-01, -3.81051540e-01],
       [ 7.47303486e-01,  9.99443114e-01, -3.33692953e-02,
        -1.00647378e+00,  1.96608633e-01],
       [ 5.70854425e-01,  9.99994397e-01,  3.33999866e-03,
        -1.07011735e+00,  2.51230031e-01],
       [ 3.96159679e-01,  9.99670267e-01,  2.56771054e-02,
        -8.71405303e-01,  7.24281045e-03],
       [ 2.33434707e-01,  9.98509467e-01,  5.45786284e-02,
        -1.04355884e+00,  3.45501184e-01],
       [ 8.48834217e-02,  9.97168243e-01,  7.52027258e-02,
        -6.07466996e-01, -1.06229238e-01],
       [-1.63830537e-02,  9.96990502e-01,  7.75241703e-02,
        -6.58405066e-01,  1.36273161e-01],
       [-1.02549456e-01,  9.97280836e-01,  7.36950487e-02,
        -2.98921794e-01, -1.80715963e-01],
       [-1.54693976e-01,  9.98787880e-01,  4.92213964e-02,
        -2.49435857e-01, -8.92214701e-02],
       [-1.91409618e-01,  9.99388754e-01,  3.49591672e-02,
        -1.82233244e-01, -8.48998874e-02],
       [-2.12095529e-01,  9.99934614e-01,  1.14328703e-02,
        -6.06677942e-02, -2.02158153e-01],
       [-2.36865133e-01,  9.99999523e-01, -9.96707240e-04,
        -2.30493054e-01,  5.05443811e-02],
       [-2.73508638e-01,  9.99999285e-01,  1.20882504e-03,
        -1.76703751e-01, -2.50274390e-02],
       [-3.11077267e-01,  9.99965370e-01,  8.32263567e-03,
        -2.65418470e-01,  1.11796252e-01],
       [-3.44924450e-01,  9.99940991e-01,  1.08616510e-02,
        -1.10716604e-01, -8.24163556e-02],
       [-3.76527876e-01,  9.99883831e-01,  1.52404625e-02,
        -2.40521371e-01,  1.33073479e-01],
       [-4.29049790e-01,  9.98358130e-01,  5.72799556e-02,
        -3.13249677e-01,  3.30023348e-01],
       [-4.44662243e-01,  9.97387826e-01,  7.22325891e-02,
         1.17795900e-01, -1.36489823e-01],
       [-4.15980339e-01,  9.98849392e-01,  4.79576141e-02,
         2.41177961e-01, -1.77442700e-01],
       [-3.73003751e-01,  9.99668121e-01,  2.57623121e-02,
         2.36798853e-01, -7.95010850e-02],
       [-3.29144806e-01,  9.99935329e-01,  1.13716312e-02,
         2.79471159e-01, -9.60612819e-02],
       [-2.79612392e-01,  9.99977350e-01, -6.73236232e-03,
         3.03618759e-01, -1.24764435e-01],
       [-2.26515502e-01,  9.99543011e-01, -3.02287433e-02,
         2.86834896e-01, -1.47114784e-01],
       [-1.85929418e-01,  9.98693705e-01, -5.10970578e-02,
         1.91061184e-01, -1.07656047e-01],
       [-1.73592284e-01,  9.98705864e-01, -5.08583598e-02,
        -5.39832488e-02,  1.10416256e-01],
       [-2.06142858e-01,  9.99975383e-01, -7.01579358e-03,
        -3.08606952e-01,  3.97127509e-01],
       [-2.30910465e-01,  9.99766648e-01,  2.16011517e-02,
         3.28083895e-02, -6.60029054e-02],
       [-2.26166159e-01,  9.99879956e-01,  1.54925678e-02,
         2.31270827e-02, -8.51855800e-03],
       [-2.22864583e-01,  9.99845386e-01,  1.75825860e-02,
         1.81038845e-02,  3.54990698e-02],
       [-2.12101370e-01,  9.99869168e-01,  1.61758382e-02,
         1.08548783e-01, -5.26588447e-02],
       [-1.92824185e-01,  9.99961138e-01,  8.81924760e-03,
         1.18386030e-01, -3.70798446e-02],
       [-1.74576074e-01,  9.99976814e-01,  6.81048585e-03,
         9.63374749e-02,  1.25769041e-02],
       [-1.39319301e-01,  9.99866188e-01, -1.63600389e-02,
         2.95882225e-01, -2.80634373e-01],
       [-1.19794883e-01,  9.99659359e-01, -2.60982253e-02,
        -3.53803970e-02,  1.47008017e-01],
       [-1.13238066e-01,  9.99723494e-01, -2.35143304e-02,
         1.08178556e-01, -1.17105491e-01],
       [-9.59738567e-02,  9.98857260e-01, -4.77928668e-02,
         1.08071141e-01, -1.96469590e-01],
       [-1.12770438e-01,  9.99306321e-01, -3.72413918e-02,
        -3.32211733e-01,  3.41373980e-01],
       [-1.55002415e-01,  9.99977827e-01, -6.65985886e-03,
        -1.37663499e-01,  1.24829533e-02],
       [-1.74893826e-01,  9.99911785e-01, -1.32826269e-02,
        -8.32153186e-02, -8.91026035e-02],
       [-2.04586208e-01,  9.99961317e-01, -8.79745744e-03,
        -2.66192973e-01,  1.43812582e-01],
       [-2.50438392e-01,  9.99903738e-01,  1.38747869e-02,
        -2.43747443e-01,  1.18487254e-01],
       [-2.91192651e-01,  9.99369860e-01,  3.54944915e-02,
        -2.09527314e-01,  1.31711453e-01],
       [-3.20953488e-01,  9.98342752e-01,  5.75477518e-02,
        -1.21608987e-01,  1.23714849e-01],
       [-3.00027251e-01,  9.99535322e-01,  3.04810740e-02,
         3.54700714e-01, -4.37317312e-01]], dtype=float32), 'action': array([-2.07199901e-01,  6.09435320e-01,  6.09213948e-01,  5.44651866e-01,
        4.56992358e-01, -2.82168686e-01, -4.34445530e-01, -3.38717282e-01,
       -2.81883270e-01,  5.13613820e-01,  1.71641573e-01, -3.27361142e-03,
       -2.59980466e-02,  1.31794689e-02, -9.41968430e-03, -3.26071262e-01,
       -3.96233872e-02,  1.14609167e-01, -1.01507619e-01,  2.53933907e-01,
       -2.74955742e-02,  2.10880056e-01,  3.10336966e-02,  4.35987003e-02,
        7.52039999e-02, -1.02462180e-01,  3.07618417e-02, -5.33905812e-02,
        8.91360790e-02, -7.33486488e-02, -3.69506478e-02,  2.81788498e-01,
        8.35495964e-02,  5.14741987e-05,  2.71367412e-02,  1.47951636e-02,
       -1.08611146e-02, -6.07965663e-02, -1.43696263e-01, -1.47644520e-01,
        1.95771798e-01, -4.57268674e-03, -2.07706983e-03,  5.59338219e-02,
        6.82899170e-03, -1.28009049e-02,  1.13810100e-01, -2.28667587e-01,
        8.03980976e-02, -2.54257955e-03, -3.04966956e-01,  1.09749563e-01,
        3.04467641e-02, -1.11555979e-01,  1.30003225e-02,  2.12663375e-02,
        5.34940772e-02,  2.75511086e-01, -2.00667292e-01], dtype=float32), 'dt': array([13, 19, 19, 19, 20, 24, 16, 17, 12, 17, 14, 14, 13, 14, 14, 14, 17,
       18, 17, 18, 16, 18, 19, 17, 17, 17, 18, 17, 18, 18, 19, 16, 16, 18,
       17, 17, 18, 17, 18, 18, 18, 17, 16, 17, 17, 17, 18, 15, 18, 16, 15,
       18, 18, 17, 18, 18, 18, 18, 15], dtype=int32), 'latent_action': array([[ 0.7391197 ,  0.77644646],
       [-0.7483319 , -0.77193785],
       [-0.7780567 , -0.805642  ],
       [-0.7990572 , -0.77098715],
       [-0.7834551 , -0.76131105],
       [ 0.7334237 , -0.7860117 ],
       [ 0.74417734,  0.19169275],
       [ 0.785203  ,  0.02120293],
       [ 0.33937684,  0.5985284 ],
       [-0.6549217 , -0.6728208 ],
       [-0.2095826 , -0.07589564],
       [-0.01759537,  0.06017946],
       [ 0.07109198,  0.09980147],
       [ 0.08016931, -0.19135192],
       [ 0.23035498,  0.04623789],
       [ 0.4720657 ,  0.33314237],
       [ 0.17897242, -0.58426523],
       [-0.04890817, -0.66060495],
       [ 0.1625143 , -0.62598884],
       [-0.24701561, -0.65650046],
       [ 0.05796331, -0.7242038 ],
       [-0.11767491, -0.7582275 ],
       [ 0.18381116, -0.73794276],
       [ 0.11420715, -0.7469551 ],
       [ 0.11072942, -0.7497076 ],
       [ 0.31067327, -0.55670404],
       [ 0.11141329, -0.7035184 ],
       [ 0.16328432, -0.6576525 ],
       [ 0.07635662, -0.76693404],
       [ 0.23559344, -0.66064006],
       [ 0.1796961 , -0.7069323 ],
       [-0.30704117, -0.7293094 ],
       [ 0.06319931, -0.750983  ],
       [ 0.15350929, -0.7322864 ],
       [ 0.19377004, -0.7210795 ],
       [ 0.18191685, -0.7243494 ],
       [ 0.27303526, -0.6623708 ],
       [ 0.37921405, -0.493233  ],
       [ 0.35955483, -0.34084743],
       [ 0.2618551 , -0.6420289 ],
       [-0.14298195, -0.7476357 ],
       [ 0.16555946, -0.71344334],
       [ 0.1480292 , -0.7605346 ],
       [ 0.06077651, -0.7386446 ],
       [ 0.07835422, -0.6995243 ],
       [ 0.2062463 , -0.7452446 ],
       [ 0.10244689, -0.7458087 ],
       [ 0.32871553, -0.05934811],
       [ 0.08469518, -0.76511884],
       [ 0.2827836 , -0.5724546 ],
       [ 0.45896068,  0.22332147],
       [-0.07661663, -0.74284834],
       [ 0.2955169 , -0.72056997],
       [ 0.3406433 , -0.6389119 ],
       [ 0.12224504, -0.7528093 ],
       [ 0.07779017, -0.75744224],
       [-0.12241949, -0.75141275],
       [-0.22403136, -0.7309127 ],
       [ 0.3494833 , -0.19384213]], dtype=float32), 'hybrid_action': array([[-2.07199901e-01, -1.85633495e-01],
       [ 6.09435320e-01,  2.42302731e-01],
       [ 6.09213948e-01,  2.13273317e-01],
       [ 5.44651866e-01,  2.35067159e-01],
       [ 4.56992358e-01,  2.87425220e-01],
       [-2.82168686e-01,  5.56291819e-01],
       [-4.34445530e-01,  5.47935069e-02],
       [-3.38717282e-01,  1.20898053e-01],
       [-2.81883270e-01, -2.41083801e-01],
       [ 5.13613820e-01,  9.74217653e-02],
       [ 1.71641573e-01, -1.12799168e-01],
       [-3.27361142e-03, -1.22822210e-01],
       [-2.59980466e-02, -2.01824486e-01],
       [ 1.31794689e-02, -7.86979496e-02],
       [-9.41968430e-03, -7.83938020e-02],
       [-3.26071262e-01, -1.13376699e-01],
       [-3.96233872e-02,  9.85539183e-02],
       [ 1.14609167e-01,  1.85601130e-01],
       [-1.01507619e-01,  1.03751510e-01],
       [ 2.53933907e-01,  1.62973166e-01],
       [-2.74955742e-02,  6.53592050e-02],
       [ 2.10880056e-01,  1.57641634e-01],
       [ 3.10336966e-02,  2.49784291e-01],
       [ 4.35987003e-02,  1.27934024e-01],
       [ 7.52039999e-02,  8.34048018e-02],
       [-1.02462180e-01,  8.07653815e-02],
       [ 3.07618417e-02,  1.67312339e-01],
       [-5.33905812e-02,  1.03647172e-01],
       [ 8.91360790e-02,  2.01833516e-01],
       [-7.33486488e-02,  1.81278720e-01],
       [-3.69506478e-02,  2.30283484e-01],
       [ 2.81788498e-01,  3.81966196e-02],
       [ 8.35495964e-02,  9.45458747e-03],
       [ 5.14741987e-05,  1.43184111e-01],
       [ 2.71367412e-02,  7.32202828e-02],
       [ 1.47951636e-02,  1.19660914e-01],
       [-1.08611146e-02,  1.97397649e-01],
       [-6.07965663e-02,  9.66651887e-02],
       [-1.43696263e-01,  1.77169621e-01],
       [-1.47644520e-01,  1.87890932e-01],
       [ 1.95771798e-01,  2.01651350e-01],
       [-4.57268674e-03,  8.88232663e-02],
       [-2.07706983e-03,  6.71676993e-02],
       [ 5.59338219e-02,  1.16051570e-01],
       [ 6.82899170e-03,  1.16989784e-01],
       [-1.28009049e-02,  1.21856771e-01],
       [ 1.13810100e-01,  1.80574879e-01],
       [-2.28667587e-01, -4.25325185e-02],
       [ 8.03980976e-02,  1.67320162e-01],
       [-2.54257955e-03,  6.55432791e-02],
       [-3.04966956e-01, -2.11522225e-02],
       [ 1.09749563e-01,  1.80629075e-01],
       [ 3.04467641e-02,  1.72820792e-01],
       [-1.11555979e-01,  7.65804648e-02],
       [ 1.30003225e-02,  1.77185550e-01],
       [ 2.12663375e-02,  1.56847924e-01],
       [ 5.34940772e-02,  1.63591340e-01],
       [ 2.75511086e-01,  1.56591728e-01],
       [-2.00667292e-01, -3.14385742e-02]], dtype=float32)}",15.837071272943975,59.699999999999996
3500,768.4177246299043,"{0: [0, 0, 0, 0, 0, 0, 0, 0, 0, 0, 1, 5, 22, 17, 20, 41, 109, 221, 105, 17, 7, 2, 7, 1, 0, 0, 0, 0, 0, 0]}",[768.4177246299043],"{'state': array([[ 0.00000000e+00,  0.00000000e+00,  0.00000000e+00,
         0.00000000e+00,  0.00000000e+00],
       [-5.97628346e-03, -9.99474227e-01,  3.24226953e-02,
        -2.69358367e-01, -3.78966689e-01],
       [ 3.34993973e-02, -9.99327123e-01, -3.66780758e-02,
         6.83323503e-01,  1.07266355e+00],
       [ 2.26935148e-01, -9.53740537e-01, -3.00630987e-01,
         1.45846260e+00,  1.77836514e+00],
       [ 5.57268441e-01, -8.12177539e-01, -5.83410323e-01,
         2.20494246e+00,  1.59188402e+00],
       [ 9.98065948e-01, -6.72750533e-01, -7.39869416e-01,
         2.98005533e+00,  7.86635995e-01],
       [ 1.68952429e+00, -6.81374967e-01, -7.31934488e-01,
         3.60508108e+00, -8.93129826e-01],
       [ 1.85156929e+00, -9.43211377e-01,  3.32193166e-01,
        -6.56129599e-01, -6.96735573e+00],
       [ 1.69714773e+00, -9.03276205e-02,  9.95912135e-01,
        -1.04503226e+00, -5.32665157e+00],
       [ 1.51339006e+00,  5.17650485e-01,  8.55592191e-01,
        -1.43859172e+00, -3.11889672e+00],
       [ 1.31976223e+00,  8.51689339e-01,  5.24046957e-01,
        -6.03677571e-01, -2.09690309e+00],
       [ 1.24600363e+00,  9.46795821e-01,  3.21834803e-01,
        -5.30468702e-01, -1.41351569e+00],
       [ 1.16572249e+00,  9.87401903e-01,  1.58232287e-01,
        -5.37964880e-01, -8.97955000e-01],
       [ 1.08360326e+00,  9.97183204e-01,  7.50042871e-02,
        -7.24331498e-01, -4.18603301e-01],
       [ 9.63108659e-01,  9.99939322e-01,  1.10140527e-02,
        -6.92011058e-01, -3.62738252e-01],
       [ 8.02263796e-01,  9.99998748e-01, -1.58302335e-03,
        -1.09488714e+00,  2.16992304e-01],
       [ 6.02522552e-01,  9.99543905e-01,  3.01989764e-02,
        -1.00835061e+00,  1.32959366e-01],
       [ 4.37714070e-01,  9.99280035e-01,  3.79393585e-02,
        -8.23020339e-01, -4.33427878e-02],
       [ 2.86091596e-01,  9.99032497e-01,  4.39785272e-02,
        -8.61797810e-01,  1.13260910e-01],
       [ 1.50766656e-01,  9.98368561e-01,  5.70979789e-02,
        -7.30521560e-01,  4.69874814e-02],
       [ 4.52689379e-02,  9.98766780e-01,  4.96481061e-02,
        -5.10482073e-01, -1.38002560e-01],
       [-5.23942560e-02,  9.99047637e-01,  4.36330475e-02,
        -5.74540138e-01,  6.83468431e-02],
       [-1.37839600e-01,  9.99193847e-01,  4.01459634e-02,
        -3.74781996e-01, -1.08726554e-01],
       [-2.09007576e-01,  9.99409020e-01,  3.43739018e-02,
        -4.15853560e-01,  4.19076607e-02],
       [-2.77562737e-01,  9.99338329e-01,  3.63709405e-02,
        -3.05825412e-01, -1.99041944e-02],
       [-3.33351642e-01,  9.99099851e-01,  4.24204990e-02,
        -3.14176351e-01,  8.99413899e-02],
       [-3.70683461e-01,  9.98930454e-01,  4.62378338e-02,
        -1.52544945e-01, -4.06106114e-02],
       [-3.88690650e-01,  9.99435306e-01,  3.36025171e-02,
        -3.67279090e-02, -9.86126363e-02],
       [-4.10261661e-01,  9.98972833e-01,  4.53135408e-02,
        -2.03186378e-01,  2.34170794e-01],
       [-3.96456748e-01,  9.99699771e-01,  2.45015807e-02,
         3.66016388e-01, -4.88305211e-01],
       [-3.72318417e-01,  9.99998212e-01, -1.89438381e-03,
        -6.37990683e-02,  1.47581741e-01],
       [-3.64226133e-01,  9.99991417e-01, -4.14031977e-03,
         1.59043610e-01, -1.74971461e-01],
       [-3.49396169e-01,  9.99835491e-01, -1.81384142e-02,
         6.02818141e-03,  1.30063435e-02],
       [-3.58623624e-01,  9.99990702e-01, -4.30886168e-03,
        -1.08842172e-01,  1.47000387e-01],
       [-3.80362183e-01,  9.99647677e-01,  2.65433155e-02,
        -1.20659947e-01,  1.92683861e-01],
       [-3.73007417e-01,  9.99657333e-01,  2.61777658e-02,
         2.02382445e-01, -1.96907744e-01],
       [-3.45478982e-01,  9.99957383e-01,  9.23259836e-03,
         8.77622440e-02,  1.03337206e-02],
       [-3.32546979e-01,  9.99870241e-01,  1.61076710e-02,
         6.42441809e-02,  7.35300779e-02],
       [-3.04201752e-01,  9.99961674e-01,  8.75669811e-03,
         2.50853747e-01, -1.58580720e-01],
       [-2.65068263e-01,  9.99962687e-01, -8.63755587e-03,
         1.61460668e-01, -3.29192206e-02],
       [-2.36499608e-01,  9.99834716e-01, -1.81807540e-02,
         1.74828321e-01, -8.34930465e-02],
       [-2.18678519e-01,  9.99858141e-01, -1.68439467e-02,
         1.27350967e-02,  9.82094780e-02],
       [-2.18225017e-01,  9.99999523e-01,  9.59009863e-04,
        -8.06602463e-03,  1.07760362e-01],
       [-2.02815488e-01,  9.99993742e-01, -3.53137101e-03,
         1.79373622e-01, -1.59705013e-01],
       [-1.80429116e-01,  9.99792993e-01, -2.03453302e-02,
         6.97159246e-02, -3.48390304e-02],
       [-1.56619519e-01,  9.98790085e-01, -4.91768271e-02,
         1.81533694e-01, -2.82724112e-01],
       [-1.55173749e-01,  9.97889221e-01, -6.49388656e-02,
        -1.63154081e-01,  7.88498521e-02],
       [-2.15836525e-01,  9.99841094e-01, -1.78272296e-02,
        -5.11873007e-01,  4.66874331e-01],
       [-2.70991921e-01,  9.99887049e-01,  1.50285261e-02,
        -1.37663603e-01, -6.60848469e-02],
       [-2.92097449e-01,  9.99986172e-01,  5.25512034e-03,
        -1.25974640e-01, -6.00735471e-02],
       [-3.19713473e-01,  9.99988258e-01,  4.84662876e-03,
        -1.98910713e-01,  5.50892986e-02],
       [-3.55882853e-01,  9.99886453e-01,  1.50702139e-02,
        -1.82044089e-01,  5.74697927e-02],
       [-3.86409342e-01,  9.99649704e-01,  2.64665261e-02,
        -1.57376379e-01,  7.44028911e-02],
       [-4.11431581e-01,  9.99072552e-01,  4.30590548e-02,
        -1.37328640e-01,  1.28105611e-01],
       [-4.16290432e-01,  9.98886108e-01,  4.71868664e-02,
         7.65124932e-02, -7.47566298e-02],
       [-3.72373462e-01,  9.99998510e-01, -1.74187403e-03,
         4.12477553e-01, -4.91600782e-01],
       [-3.42231333e-01,  9.99503136e-01, -3.15199457e-02,
        -3.51346619e-02,  1.07080668e-01]], dtype=float32), 'action': array([-0.21962117,  0.5133865 ,  0.45641214,  0.46747413,  0.52413446,
        0.3546488 , -0.3507927 , -0.40688744, -0.35852626,  0.47880954,
        0.07913294,  0.00953169, -0.13967958,  0.02248685, -0.23014374,
        0.04783455,  0.10831688, -0.01939326,  0.08295541,  0.13691384,
       -0.03344834,  0.11713623, -0.0209379 ,  0.06205684, -0.00207018,
        0.10703406,  0.06552118, -0.09249485,  0.34707382, -0.2756237 ,
        0.1347079 , -0.08828381, -0.06647903, -0.00564715,  0.18659861,
       -0.06089989, -0.01335532,  0.10759996, -0.04843683,  0.00717096,
       -0.08905784, -0.01244598,  0.10712116, -0.06353814,  0.05822839,
       -0.2256891 , -0.20234184,  0.2264464 ,  0.00821721, -0.04381495,
        0.00981786,  0.01553605,  0.01454147,  0.14068113,  0.19374289,
       -0.28901687, -0.05219845], dtype=float32), 'dt': array([13, 19, 18, 18, 17, 21, 23, 18, 15, 19, 13, 15, 13, 17, 18, 19, 18,
       18, 17, 17, 18, 18, 18, 19, 18, 16, 19, 18, 17, 16, 17, 18, 18, 19,
       18, 19, 17, 18, 19, 17, 19, 18, 18, 18, 19, 16, 18, 17, 16, 17, 19,
       18, 17, 16, 18, 16, 19], dtype=int32), 'latent_action': array([[ 8.0107224e-01,  7.8359282e-01],
       [-7.4139929e-01, -7.4298018e-01],
       [-7.5888616e-01, -7.6189190e-01],
       [-7.4119806e-01, -7.4281484e-01],
       [-7.8106546e-01, -7.8315562e-01],
       [-7.9131281e-01, -7.4965870e-01],
       [ 7.8700650e-01, -7.4268734e-01],
       [ 7.8378111e-01,  3.5519816e-02],
       [ 7.5240594e-01,  3.4046558e-01],
       [-5.4853570e-01, -5.2422732e-01],
       [-5.2452791e-02,  1.5012257e-02],
       [ 8.0096841e-02, -5.5375904e-02],
       [ 1.9584993e-01,  9.3671381e-02],
       [ 2.1605232e-01, -2.7350846e-01],
       [ 4.1972461e-01, -3.0671301e-01],
       [ 3.3952851e-02, -7.0782661e-01],
       [ 3.6593606e-03, -7.4151993e-01],
       [ 1.7789336e-01, -7.1836340e-01],
       [-1.2953142e-02, -7.5985837e-01],
       [ 2.1047425e-04, -7.5345707e-01],
       [ 2.2763565e-01, -7.7046180e-01],
       [-3.0654786e-02, -7.0521104e-01],
       [ 2.0450701e-01, -7.3055691e-01],
       [ 7.9118788e-02, -7.7039337e-01],
       [ 1.2828763e-01, -7.4705493e-01],
       [ 4.8160143e-03, -7.3440748e-01],
       [ 6.2213048e-02, -7.2532737e-01],
       [ 2.8090519e-01, -7.3838723e-01],
       [-2.5941211e-01, -7.6997083e-01],
       [ 5.3552145e-01, -4.2733681e-01],
       [ 4.2408507e-02, -7.7987695e-01],
       [ 2.8872719e-01, -7.2081894e-01],
       [ 2.6034951e-01, -7.7744269e-01],
       [ 1.8923314e-01, -7.7790350e-01],
       [-7.9282336e-02, -7.6461530e-01],
       [ 2.6394132e-01, -7.4005568e-01],
       [ 1.7279676e-01, -7.5761038e-01],
       [-1.6372930e-02, -7.7623051e-01],
       [ 1.5181059e-01, -7.4830800e-01],
       [ 1.8635669e-01, -6.9814241e-01],
       [ 3.3000961e-01, -7.4077451e-01],
       [ 1.4697818e-01, -7.4393559e-01],
       [ 5.7321746e-02, -7.7728301e-01],
       [ 2.6106519e-01, -7.0367509e-01],
       [ 1.5257819e-01, -7.7623427e-01],
       [ 5.6917596e-01, -1.1138038e-01],
       [ 3.4064353e-01, -7.2518957e-01],
       [-1.7222147e-01, -7.4787802e-01],
       [ 1.7771673e-01, -7.2661501e-01],
       [ 2.3707907e-01, -7.1392775e-01],
       [ 1.6284184e-01, -7.1796119e-01],
       [ 1.3651024e-01, -7.3238420e-01],
       [ 1.4968611e-01, -7.4675500e-01],
       [-1.1918352e-01, -7.3522806e-01],
       [ 4.1872263e-05, -7.9898387e-01],
       [ 5.9725988e-01,  3.8907479e-02],
       [ 2.4098928e-01, -7.3471987e-01]], dtype=float32), 'hybrid_action': array([[-0.21962117, -0.13810593],
       [ 0.5133865 ,  0.23048992],
       [ 0.45641214,  0.18429314],
       [ 0.46747413,  0.16795275],
       [ 0.52413446,  0.10753774],
       [ 0.3546488 ,  0.35380283],
       [-0.3507927 ,  0.5493834 ],
       [-0.40688744,  0.17826429],
       [-0.35852626, -0.03610532],
       [ 0.47880954,  0.21637888],
       [ 0.07913294, -0.15630238],
       [ 0.00953169, -0.04342465],
       [-0.13967958, -0.16718104],
       [ 0.02248685,  0.0981608 ],
       [-0.23014374,  0.15987112],
       [ 0.04783455,  0.21723823],
       [ 0.10831688,  0.14860882],
       [-0.01939326,  0.17418148],
       [ 0.08295541,  0.13763748],
       [ 0.13691384,  0.11754016],
       [-0.03344834,  0.16979797],
       [ 0.11713623,  0.15781088],
       [-0.0209379 ,  0.19378163],
       [ 0.06205684,  0.20711072],
       [-0.00207018,  0.18655327],
       [ 0.10703406,  0.06610613],
       [ 0.06552118,  0.22917765],
       [-0.09249485,  0.20348807],
       [ 0.34707382,  0.11536124],
       [-0.2756237 ,  0.06641015],
       [ 0.1347079 ,  0.10732595],
       [-0.08828381,  0.18387167],
       [-0.06647903,  0.16219424],
       [-0.00564715,  0.20954828],
       [ 0.18659861,  0.20315942],
       [-0.06089989,  0.22216715],
       [-0.01335532,  0.09562598],
       [ 0.10759996,  0.15609391],
       [-0.04843683,  0.22277023],
       [ 0.00717096,  0.13489765],
       [-0.08905784,  0.22687513],
       [-0.01244598,  0.20001017],
       [ 0.10712116,  0.17961459],
       [-0.06353814,  0.14805084],
       [ 0.05822839,  0.27124906],
       [-0.2256891 ,  0.05950572],
       [-0.20234184,  0.16204819],
       [ 0.2264464 ,  0.13473229],
       [ 0.00821721,  0.04970144],
       [-0.04381495,  0.12229457],
       [ 0.00981786,  0.24172834],
       [ 0.01553605,  0.13800631],
       [ 0.01454147,  0.12057076],
       [ 0.14068113,  0.05208545],
       [ 0.19374289,  0.14619762],
       [-0.28901687,  0.0416544 ],
       [-0.05219845,  0.22614081]], dtype=float32)}",15.774408012214588,57.49999999999999
3550,766.4426371902878,"{0: [0, 0, 0, 0, 0, 0, 0, 0, 0, 0, 0, 4, 11, 28, 35, 57, 136, 185, 89, 22, 4, 3, 6, 0, 0, 0, 0, 0, 0, 0]}",[766.4426371902878],"{'state': array([[ 0.00000000e+00,  0.00000000e+00,  0.00000000e+00,
         0.00000000e+00,  0.00000000e+00],
       [-1.83297936e-02, -9.99835014e-01,  1.81652438e-02,
        -2.02865779e-01, -2.86040813e-01],
       [ 1.95871759e-02, -9.99043643e-01, -4.37244885e-02,
         6.00562513e-01,  9.07142639e-01],
       [ 2.03276932e-01, -9.58092988e-01, -2.86457449e-01,
         1.43354964e+00,  1.71124768e+00],
       [ 4.90406126e-01, -8.39884639e-01, -5.42764902e-01,
         2.14937878e+00,  1.70070183e+00],
       [ 9.42270637e-01, -6.88699961e-01, -7.25046456e-01,
         2.87016559e+00,  8.29646289e-01],
       [ 1.55736446e+00, -6.65141165e-01, -7.46717632e-01,
         3.60478473e+00, -5.06510556e-01],
       [ 1.86871755e+00, -9.95713711e-01,  9.24891308e-02,
        -5.07338166e-01, -6.87394762e+00],
       [ 1.76749754e+00, -4.16725963e-01,  9.09032166e-01,
        -7.15534389e-01, -5.83127356e+00],
       [ 1.63305712e+00,  2.89236367e-01,  9.57257688e-01,
        -1.10916042e+00, -3.73223090e+00],
       [ 1.51319146e+00,  6.32027507e-01,  7.74945915e-01,
        -7.45555341e-01, -2.35993314e+00],
       [ 1.44849730e+00,  8.53348911e-01,  5.21340191e-01,
         2.64855437e-02, -1.54816639e+00],
       [ 1.53945196e+00,  9.67812598e-01,  2.51671880e-01,
         9.36789215e-01, -1.70139563e+00],
       [ 1.67709887e+00,  9.99495029e-01,  3.17749567e-02,
         5.15534222e-01, -7.43304729e-01],
       [ 1.74812686e+00,  9.97444749e-01, -7.14423582e-02,
         3.22082371e-01, -5.16519248e-01],
       [ 1.77558327e+00,  9.91056979e-01, -1.33439332e-01,
         4.51130755e-02, -3.38798612e-01],
       [ 1.74386001e+00,  9.89314854e-01, -1.45794630e-01,
        -4.98065829e-01,  1.55851677e-01],
       [ 1.62587094e+00,  9.95935857e-01, -9.00654420e-02,
        -9.77910519e-01,  5.69356680e-01],
       [ 1.48428583e+00,  9.99458730e-01, -3.28971110e-02,
        -7.92912185e-01,  1.69785067e-01],
       [ 1.35366094e+00,  9.99989390e-01, -4.60721692e-03,
        -8.40421140e-01,  1.95448995e-01],
       [ 1.24560165e+00,  9.99998808e-01, -1.52714399e-03,
        -6.00425601e-01, -1.53198540e-01],
       [ 1.16449237e+00,  9.99220669e-01, -3.94722261e-02,
        -4.80381161e-01, -3.67350549e-01],
       [ 1.03543782e+00,  9.98450220e-01, -5.56517728e-02,
        -9.53201592e-01,  1.79839119e-01],
       [ 8.45215976e-01,  9.99982834e-01, -5.85923763e-03,
        -1.16141272e+00,  3.96609455e-01],
       [ 6.62298083e-01,  9.99549806e-01,  3.00031342e-02,
        -8.71762335e-01,  1.83799062e-02],
       [ 4.92027283e-01,  9.98131573e-01,  6.11012317e-02,
        -1.02076471e+00,  3.41691703e-01],
       [ 3.46170813e-01,  9.97866690e-01,  6.52846694e-02,
        -4.37911808e-01, -2.97586620e-01],
       [ 2.70267904e-01,  9.99946833e-01,  1.03121214e-02,
        -3.59866887e-01, -3.08127582e-01],
       [ 1.76893488e-01,  9.99993742e-01, -3.53819830e-03,
        -6.77334487e-01,  1.47884786e-01],
       [ 5.99874482e-02,  9.99860466e-01,  1.67055000e-02,
        -6.22043431e-01,  8.63247588e-02],
       [-4.86422181e-02,  9.99473929e-01,  3.24322879e-02,
        -5.85280418e-01,  9.56755653e-02],
       [-1.33550525e-01,  9.99614179e-01,  2.77767051e-02,
        -3.58050525e-01, -1.49563596e-01],
       [-2.11144939e-01,  9.99676466e-01,  2.54363175e-02,
        -5.04059315e-01,  1.22477725e-01],
       [-2.89265543e-01,  9.99344707e-01,  3.61966603e-02,
        -3.64174753e-01,  2.08162935e-03],
       [-3.56293857e-01,  9.99070287e-01,  4.31107841e-02,
        -3.41537982e-01,  7.40951002e-02],
       [-4.20257837e-01,  9.97429073e-01,  7.16602951e-02,
        -3.69756490e-01,  2.56700337e-01],
       [-4.44818556e-01,  9.97115135e-01,  7.59038404e-02,
         8.07119459e-02, -2.04751357e-01],
       [-4.25836831e-01,  9.98857856e-01,  4.77805100e-02,
         1.30775824e-01, -1.21226996e-01],
       [-3.85248154e-01,  9.99932528e-01,  1.16184708e-02,
         2.97268063e-01, -2.77119100e-01],
       [-3.58408570e-01,  9.99999285e-01,  1.17198285e-03,
         1.17066759e-03,  1.56257585e-01],
       [-3.47715974e-01,  9.99874175e-01,  1.58619676e-02,
         1.17328018e-01,  1.37044508e-02],
       [-3.23774517e-01,  9.99836802e-01,  1.80656966e-02,
         1.48641691e-01,  1.17947869e-02],
       [-2.85917759e-01,  9.99942720e-01,  1.07025225e-02,
         2.50010908e-01, -9.28657204e-02],
       [-2.21374542e-01,  9.99585330e-01, -2.87951473e-02,
         3.96325320e-01, -3.22185874e-01],
       [-1.95095927e-01,  9.99554873e-01, -2.98338775e-02,
        -1.04310982e-01,  3.10146898e-01],
       [-1.96686834e-01,  9.99990940e-01, -4.25925851e-03,
         8.50936174e-02,  1.83119369e-03],
       [-1.71449542e-01,  9.99821484e-01, -1.88928954e-02,
         1.80880785e-01, -1.62939012e-01],
       [-1.71435237e-01,  9.99986410e-01, -5.21674985e-03,
        -1.81027383e-01,  3.13526839e-01],
       [-1.67781651e-01,  9.99999762e-01, -7.10290740e-04,
         2.21523210e-01, -2.61381388e-01],
       [-1.43670738e-01,  9.99617040e-01, -2.76736412e-02,
         4.69413474e-02, -5.06193861e-02],
       [-1.63177639e-01,  9.99994159e-01, -3.40994867e-03,
        -2.33307928e-01,  2.94685513e-01],
       [-1.74053967e-01,  9.99984920e-01,  5.49211120e-03,
         1.18619233e-01, -1.96668014e-01],
       [-1.61361426e-01,  9.99834180e-01, -1.82101503e-02,
         2.29035262e-02, -7.75593743e-02],
       [-1.72082484e-01,  9.99900639e-01, -1.40955271e-02,
        -1.49112612e-01,  1.27753556e-01],
       [-1.91703469e-01,  9.99993265e-01, -3.67061840e-03,
        -6.91159517e-02, -7.14368792e-03],
       [-2.28031412e-01,  9.99504387e-01,  3.14795338e-02,
        -3.58950317e-01,  4.35904264e-01],
       [-2.37543181e-01,  9.99228537e-01,  3.92719731e-02,
         2.39893705e-01, -3.35191965e-01]], dtype=float32), 'action': array([-0.15202543,  0.43377718,  0.48873037,  0.4988204 ,  0.46441236,
        0.44936976, -0.33899558, -0.28111783, -0.40568855,  0.29177183,
        0.47651857,  0.5184759 , -0.22006658, -0.11845589, -0.19712065,
       -0.40929636, -0.3170283 ,  0.11472493, -0.03189844,  0.16433921,
        0.08087667, -0.27379763, -0.12126406,  0.16645135, -0.08214094,
        0.30458254,  0.04487025, -0.1813674 ,  0.03204622,  0.02269477,
        0.13202994, -0.08169513,  0.08212002,  0.01498118, -0.01220646,
        0.27793702,  0.03290742,  0.09229535, -0.16890323,  0.06702816,
        0.01908973,  0.05594336,  0.07475927, -0.28837985,  0.1134914 ,
        0.05112708, -0.19698808,  0.2300346 , -0.10082719, -0.13858084,
        0.19081421, -0.05518056, -0.10526985,  0.0451346 , -0.1745261 ,
        0.38762036, -0.13348529], dtype=float32), 'dt': array([14, 19, 18, 16, 18, 19, 23, 16, 15, 13, 18, 19, 19, 17, 15, 14, 16,
       16, 16, 15, 15, 18, 18, 18, 18, 20, 19, 18, 18, 18, 18, 18, 18, 19,
       18, 17, 18, 19, 18, 18, 18, 19, 20, 18, 17, 19, 19, 18, 18, 21, 19,
       18, 17, 18, 17, 16, 19], dtype=int32), 'latent_action': array([[ 0.75497496,  0.76287913],
       [-0.7809726 , -0.78014666],
       [-0.73863506, -0.7609622 ],
       [-0.80135876, -0.73608726],
       [-0.7352599 , -0.77369636],
       [-0.7948406 , -0.7630006 ],
       [ 0.75171375, -0.7481245 ],
       [ 0.72378147,  0.12803435],
       [ 0.7609546 ,  0.3301183 ],
       [-0.56108814, -0.045893  ],
       [-0.6972275 , -0.6702518 ],
       [-0.76690596, -0.7394538 ],
       [ 0.5785029 , -0.48178872],
       [ 0.39970067, -0.13190958],
       [ 0.6227033 ,  0.35309696],
       [ 0.7665646 ,  0.40924844],
       [ 0.47440636, -0.04355503],
       [-0.1413127 , -0.25264874],
       [ 0.00419599, -0.25964093],
       [-0.10268909, -0.37809974],
       [ 0.14386648, -0.27293608],
       [ 0.6000966 , -0.07607721],
       [ 0.30920807, -0.4612398 ],
       [-0.12990089, -0.6841415 ],
       [ 0.10570143, -0.70919126],
       [-0.36074674, -0.7239535 ],
       [ 0.17097545, -0.73750544],
       [ 0.4173578 , -0.502782  ],
       [ 0.10346373, -0.7888061 ],
       [ 0.1406299 , -0.77666354],
       [ 0.07659712, -0.7839064 ],
       [ 0.23916861, -0.7440841 ],
       [ 0.01641417, -0.7229109 ],
       [ 0.21211375, -0.74961925],
       [ 0.08034009, -0.7410579 ],
       [-0.3379758 , -0.72915673],
       [ 0.1426597 , -0.7808033 ],
       [ 0.09428588, -0.79238635],
       [ 0.42479548, -0.67535436],
       [ 0.10743767, -0.72830474],
       [ 0.09493426, -0.784939  ],
       [ 0.14270997, -0.79394656],
       [ 0.1839556 , -0.769441  ],
       [ 0.48276252, -0.38584322],
       [-0.12060558, -0.71955633],
       [ 0.24536471, -0.7749235 ],
       [ 0.39385253, -0.71763396],
       [-0.13348825, -0.79958993],
       [ 0.3970296 , -0.63924503],
       [ 0.35419342, -0.75397813],
       [-0.14076886, -0.79635286],
       [ 0.34447446, -0.7910685 ],
       [ 0.34046477, -0.73948   ],
       [ 0.08440445, -0.75193274],
       [ 0.27808213, -0.7355149 ],
       [-0.5002364 , -0.7324493 ],
       [ 0.39866972, -0.71647805]], dtype=float32), 'hybrid_action': array([[-0.15202543, -0.07217362],
       [ 0.43377718,  0.22119652],
       [ 0.48873037,  0.19749641],
       [ 0.4988204 ,  0.065155  ],
       [ 0.46441236,  0.19324039],
       [ 0.44936976,  0.22833842],
       [-0.33899558,  0.5174152 ],
       [-0.28111783,  0.06884138],
       [-0.40568855, -0.02966418],
       [ 0.29177183, -0.15352105],
       [ 0.47651857,  0.17206194],
       [ 0.5184759 ,  0.20724927],
       [-0.22006658,  0.25984436],
       [-0.11845589,  0.1185704 ],
       [-0.19712065, -0.01656578],
       [-0.40929636, -0.1052479 ],
       [-0.3170283 ,  0.04841947],
       [ 0.11472493,  0.03550849],
       [-0.03189844,  0.03394012],
       [ 0.16433921, -0.00455043],
       [ 0.08087667, -0.0398307 ],
       [-0.27379763,  0.14147137],
       [-0.12126406,  0.18662027],
       [ 0.16645135,  0.17588398],
       [-0.08214094,  0.18626332],
       [ 0.30458254,  0.29336038],
       [ 0.04487025,  0.22801852],
       [-0.1813674 ,  0.19574264],
       [ 0.03204622,  0.14044382],
       [ 0.02269477,  0.16681807],
       [ 0.13202994,  0.15660569],
       [-0.08169513,  0.19814971],
       [ 0.08212002,  0.15047501],
       [ 0.01498118,  0.25691563],
       [-0.01220646,  0.18204057],
       [ 0.27793702,  0.09249415],
       [ 0.03290742,  0.15935741],
       [ 0.09229535,  0.21397525],
       [-0.16890323,  0.16994466],
       [ 0.06702816,  0.14282656],
       [ 0.01908973,  0.18060149],
       [ 0.05594336,  0.20850314],
       [ 0.07475927,  0.29784483],
       [-0.28837985,  0.182491  ],
       [ 0.1134914 ,  0.11286938],
       [ 0.05112708,  0.27023786],
       [-0.19698808,  0.22485562],
       [ 0.2300346 ,  0.18457976],
       [-0.10082719,  0.19154374],
       [-0.13858084,  0.34962317],
       [ 0.19081421,  0.21654724],
       [-0.05518056,  0.18097842],
       [-0.10526985,  0.08181936],
       [ 0.0451346 ,  0.17927815],
       [-0.1745261 ,  0.08579487],
       [ 0.38762036,  0.05737171],
       [-0.13348529,  0.21615979]], dtype=float32)}",11.12530093347234,57.99999999999999
3600,780.749489191495,"{0: [0, 0, 0, 0, 0, 0, 0, 0, 0, 0, 0, 0, 6, 12, 15, 53, 135, 216, 102, 14, 6, 1, 7, 2, 0, 0, 0, 0, 0, 0]}",[780.749489191495],"{'state': array([[ 0.00000000e+00,  0.00000000e+00,  0.00000000e+00,
         0.00000000e+00,  0.00000000e+00],
       [-1.78857055e-02, -9.99192476e-01,  4.01801504e-02,
        -3.69608551e-01, -5.01600266e-01],
       [ 6.48670830e-03, -9.99858737e-01, -1.68080032e-02,
         6.12011492e-01,  1.04248428e+00],
       [ 1.91671476e-01, -9.57817376e-01, -2.87377536e-01,
         1.43782663e+00,  1.87226665e+00],
       [ 4.96521384e-01, -8.19305539e-01, -5.73357105e-01,
         2.14169335e+00,  1.73132169e+00],
       [ 9.39323246e-01, -6.70201540e-01, -7.42179155e-01,
         2.77825308e+00,  6.80198252e-01],
       [ 1.57462633e+00, -6.73977494e-01, -7.38751888e-01,
         3.57471609e+00, -7.28870213e-01],
       [ 1.86558306e+00, -9.85432088e-01,  1.70069307e-01,
        -4.69507158e-01, -6.94284725e+00],
       [ 1.75856638e+00, -3.33411098e-01,  9.42781568e-01,
        -8.29596698e-01, -5.90257215e+00],
       [ 1.57459676e+00,  4.74310517e-01,  8.80357623e-01,
        -1.26417851e+00, -3.30744290e+00],
       [ 1.40767324e+00,  8.05234849e-01,  5.92956007e-01,
        -7.07098067e-01, -2.04694033e+00],
       [ 1.32567549e+00,  9.41696107e-01,  3.36464643e-01,
        -2.55409718e-01, -1.50492442e+00],
       [ 1.27970278e+00,  9.87369478e-01,  1.58434674e-01,
        -3.17117065e-01, -8.66011024e-01],
       [ 1.22752380e+00,  9.98469591e-01,  5.53038530e-02,
        -3.76972795e-01, -5.56679845e-01],
       [ 1.15181196e+00,  9.99986231e-01,  5.25024673e-03,
        -6.31672382e-01, -1.30105153e-01],
       [ 1.02969313e+00,  9.99987364e-01,  5.02787996e-03,
        -8.05013955e-01,  1.27388924e-01],
       [ 8.94076049e-01,  9.99857843e-01,  1.68625079e-02,
        -7.02089965e-01,  9.54010524e-03],
       [ 7.72973716e-01,  9.99890924e-01,  1.47700794e-02,
        -6.43449068e-01, -3.37493792e-02],
       [ 6.49646699e-01,  9.99730766e-01,  2.32042130e-02,
        -7.27024257e-01,  1.31334171e-01],
       [ 5.46020508e-01,  9.99761403e-01,  2.18430050e-02,
        -4.92083639e-01, -1.47938624e-01],
       [ 4.39541042e-01,  9.99671638e-01,  2.56238692e-02,
        -6.91096485e-01,  1.91681132e-01],
       [ 3.41434956e-01,  9.99577343e-01,  2.90707722e-02,
        -3.99048418e-01, -1.51774213e-01],
       [ 2.57299393e-01,  9.99678910e-01,  2.53384952e-02,
        -5.35712302e-01,  1.08581215e-01],
       [ 1.97822779e-01,  9.99993324e-01, -3.64775280e-03,
        -1.24536566e-01, -4.43993181e-01],
       [ 1.43485308e-01,  9.99611497e-01, -2.78728083e-02,
        -5.54220378e-01,  1.31190419e-01],
       [ 3.23445313e-02,  9.99966502e-01,  8.18394683e-03,
        -6.81425273e-01,  2.85997361e-01],
       [-8.96143019e-02,  9.97910142e-01,  6.46167248e-02,
        -6.74834013e-01,  3.67353052e-01],
       [-1.49763346e-01,  9.98521924e-01,  5.43504581e-02,
         4.19180505e-02, -4.80692029e-01],
       [-1.74981207e-01,  9.99712944e-01,  2.39578448e-02,
        -3.21502388e-01,  1.28923297e-01],
       [-2.29448542e-01,  9.98633504e-01,  5.22602722e-02,
        -3.19842696e-01,  2.16542438e-01],
       [-2.63061136e-01,  9.97443855e-01,  7.14549869e-02,
        -7.59884566e-02,  1.81079973e-02],
       [-2.48733535e-01,  9.98801112e-01,  4.89526391e-02,
         2.45000526e-01, -2.93186575e-01],
       [-2.11609304e-01,  9.99895394e-01,  1.44624254e-02,
         1.68201596e-01, -1.06011301e-01],
       [-1.95923135e-01,  9.99869943e-01,  1.61278713e-02,
         2.78466530e-02,  1.27506673e-01],
       [-1.74293369e-01,  9.99809504e-01,  1.95175875e-02,
         2.12410495e-01, -8.82774442e-02],
       [-1.29313275e-01,  9.99994934e-01, -3.17533640e-03,
         2.87839442e-01, -1.74270958e-01],
       [-8.14797431e-02,  9.99425173e-01, -3.39015834e-02,
         2.75510669e-01, -2.00587019e-01],
       [-6.52773678e-02,  9.99540806e-01, -3.03010419e-02,
        -9.55555290e-02,  2.42267206e-01],
       [-8.84067044e-02,  9.99843240e-01,  1.77061632e-02,
        -1.77492991e-01,  3.43363315e-01],
       [-7.24658668e-02,  9.99899983e-01,  1.41448323e-02,
         3.65096182e-01, -3.86807919e-01],
       [-3.07314061e-02,  9.99749005e-01, -2.24024840e-02,
         1.26619160e-01, -5.90232797e-02],
       [-1.22596379e-02,  9.99464810e-01, -3.27114202e-02,
         7.88379535e-02, -6.02882132e-02],
       [-7.24439975e-03,  9.99246597e-01, -3.88101190e-02,
        -2.59100739e-02, -6.90271799e-03],
       [-3.79442610e-02,  9.99950469e-01, -9.95275285e-03,
        -3.15802991e-01,  3.40915650e-01],
       [-6.06684424e-02,  9.99998093e-01,  1.95202045e-03,
         6.30594343e-02, -2.03179434e-01],
       [-7.00573996e-02,  9.99984920e-01, -5.48990490e-03,
        -1.67222738e-01,  1.17076457e-01],
       [-9.39365029e-02,  9.99970019e-01,  7.74495210e-03,
        -1.13968939e-01,  4.43578847e-02],
       [-1.04134448e-01,  9.99993622e-01,  3.57593270e-03,
        -5.92621509e-03, -9.52086598e-02],
       [-1.19264916e-01,  9.99973059e-01,  7.34443590e-03,
        -1.62266135e-01,  1.38802409e-01],
       [-1.35761946e-01,  9.99859810e-01,  1.67451967e-02,
        -2.12325137e-02, -3.00293453e-02],
       [-1.29648000e-01,  1.00000000e+00,  1.44707345e-04,
         9.34868008e-02, -1.72466233e-01],
       [-1.45866767e-01,  9.99873459e-01,  1.59098171e-02,
        -2.56030679e-01,  3.38112235e-01],
       [-1.46165714e-01,  9.99886990e-01,  1.50325717e-02,
         2.52303809e-01, -3.49428684e-01],
       [-1.16419286e-01,  9.99677122e-01, -2.54101194e-02,
         9.84500423e-02, -1.43919840e-01],
       [-1.21696331e-01,  9.99698997e-01, -2.45345198e-02,
        -1.57098606e-01,  1.54048428e-01],
       [-1.49205267e-01,  9.99999821e-01, -5.56233688e-04,
        -1.67006642e-01,  1.38454258e-01],
       [-1.63627118e-01,  9.99997079e-01,  2.40954454e-03,
         6.69945870e-03, -1.04138814e-01]], dtype=float32), 'action': array([-0.2945722 ,  0.5013088 ,  0.48385644,  0.46655664,  0.41587088,
        0.46189132, -0.22826758, -0.39989883, -0.3638716 ,  0.35807613,
        0.29904145, -0.02487228, -0.03393677, -0.1726141 , -0.10462487,
        0.05958674,  0.03460015, -0.04652344,  0.14377812, -0.11221739,
        0.16890967, -0.07631084,  0.2359093 , -0.2774518 , -0.07346583,
        0.00623294,  0.3926678 , -0.20518428,  0.00362732,  0.15194918,
        0.19855894, -0.0417325 , -0.08919255,  0.10680195,  0.04371881,
       -0.008734  , -0.21446297, -0.05005005,  0.3296189 , -0.14465638,
       -0.02922914, -0.05923811, -0.1675043 ,  0.21640745, -0.13183467,
        0.03231255,  0.06580216, -0.08904508,  0.08149308,  0.0700425 ,
       -0.17947528,  0.3279968 , -0.09349911, -0.14789577, -0.00687646,
        0.09941103, -0.08011754], dtype=float32), 'dt': array([13, 20, 18, 17, 18, 20, 23, 16, 18, 17, 17, 16, 15, 15, 17, 18, 18,
       18, 17, 18, 18, 18, 18, 16, 18, 18, 19, 18, 17, 17, 17, 18, 16, 18,
       18, 17, 18, 17, 17, 17, 18, 19, 18, 18, 18, 17, 17, 18, 18, 17, 20,
       16, 17, 18, 17, 18, 18], dtype=int32), 'latent_action': array([[ 0.75098634,  0.7693301 ],
       [-0.7660781 , -0.79684764],
       [-0.7620941 , -0.7746864 ],
       [-0.7644404 , -0.761224  ],
       [-0.7407604 , -0.7725432 ],
       [-0.73026377, -0.7625885 ],
       [ 0.7563184 , -0.7457392 ],
       [ 0.7452622 ,  0.27926344],
       [ 0.75441957,  0.0896811 ],
       [-0.45343107, -0.34950367],
       [-0.26443028, -0.4218081 ],
       [ 0.14619626, -0.29292426],
       [ 0.14751427, -0.13786896],
       [ 0.30591148, -0.18882415],
       [ 0.1732594 , -0.561713  ],
       [ 0.01341904, -0.68064517],
       [ 0.12847109, -0.7090537 ],
       [ 0.12927192, -0.7263696 ],
       [-0.02402686, -0.7802935 ],
       [ 0.30325156, -0.77969825],
       [-0.15989159, -0.74697757],
       [ 0.26167077, -0.7792555 ],
       [-0.10748532, -0.75894547],
       [ 0.55771244,  0.02937061],
       [ 0.22528017, -0.7642476 ],
       [ 0.05849735, -0.76779073],
       [-0.4379    , -0.7626894 ],
       [ 0.4366202 , -0.7019366 ],
       [ 0.14291015, -0.7763882 ],
       [-0.24385235, -0.73984313],
       [-0.17097756, -0.72911906],
       [ 0.27504802, -0.72840023],
       [ 0.26451302, -0.7445835 ],
       [-0.09535891, -0.7385504 ],
       [ 0.05251987, -0.76022166],
       [ 0.24719833, -0.73224133],
       [ 0.5031023 , -0.704644  ],
       [ 0.06544331, -0.755241  ],
       [-0.37395477, -0.7974394 ],
       [ 0.37861142, -0.6452782 ],
       [ 0.33258703, -0.75576365],
       [ 0.25917575, -0.77290624],
       [ 0.37266126, -0.7281326 ],
       [-0.04717738, -0.77285504],
       [ 0.3355715 , -0.75633   ],
       [ 0.16278398, -0.75888216],
       [ 0.0985043 , -0.7912301 ],
       [ 0.24802977, -0.7682103 ],
       [ 0.01473058, -0.7465966 ],
       [ 0.17791711, -0.7555837 ],
       [ 0.41090453, -0.77217877],
       [-0.26396316, -0.7739673 ],
       [ 0.4503414 , -0.72894824],
       [ 0.3856449 , -0.7076125 ],
       [ 0.17463838, -0.7962616 ],
       [-0.01511509, -0.7634084 ],
       [ 0.2864423 , -0.7823778 ]], dtype=float32), 'hybrid_action': array([[-0.2945722 , -0.20502558],
       [ 0.5013088 ,  0.28171954],
       [ 0.48385644,  0.1875494 ],
       [ 0.46655664,  0.09654747],
       [ 0.41587088,  0.18296254],
       [ 0.46189132,  0.3063649 ],
       [-0.22826758,  0.52299535],
       [-0.39989883,  0.01196645],
       [-0.3638716 ,  0.1516777 ],
       [ 0.35807613,  0.09360031],
       [ 0.29904145,  0.09345146],
       [-0.02487228,  0.02733304],
       [-0.03393677, -0.02100342],
       [-0.1726141 , -0.01469541],
       [-0.10462487,  0.12754339],
       [ 0.05958674,  0.14172858],
       [ 0.03460015,  0.17219456],
       [-0.04652344,  0.16033055],
       [ 0.14377812,  0.10835744],
       [-0.11221739,  0.20141174],
       [ 0.16890967,  0.19541848],
       [-0.07631084,  0.17129877],
       [ 0.2359093 ,  0.14532812],
       [-0.2774518 ,  0.04962565],
       [-0.07346583,  0.19747333],
       [ 0.00623294,  0.184894  ],
       [ 0.3926678 ,  0.25820738],
       [-0.20518428,  0.1998113 ],
       [ 0.00362732,  0.11384082],
       [ 0.15194918,  0.11026201],
       [ 0.19855894,  0.11839147],
       [-0.0417325 ,  0.17714694],
       [-0.08919255,  0.03041168],
       [ 0.10680195,  0.14878573],
       [ 0.04371881,  0.14856507],
       [-0.008734  ,  0.10966567],
       [-0.21446297,  0.1981772 ],
       [-0.05005005,  0.07408188],
       [ 0.3296189 ,  0.11099136],
       [-0.14465638,  0.13481663],
       [-0.02922914,  0.1960681 ],
       [-0.05923811,  0.2601125 ],
       [-0.1675043 ,  0.17190664],
       [ 0.21640745,  0.15349095],
       [-0.13183467,  0.17007759],
       [ 0.03231255,  0.12773986],
       [ 0.06580216,  0.11810833],
       [-0.08904508,  0.16430831],
       [ 0.08149308,  0.18034862],
       [ 0.0700425 ,  0.0909344 ],
       [-0.17947528,  0.31238502],
       [ 0.3279968 ,  0.03808858],
       [-0.09349911,  0.09516202],
       [-0.14789577,  0.1860254 ],
       [-0.00687646,  0.08633067],
       [ 0.09941103,  0.14394028],
       [-0.08011754,  0.17829183]], dtype=float32)}",11.209001211123537,56.90000000000001
3650,779.3163928717818,"{0: [0, 0, 0, 0, 0, 0, 0, 0, 0, 0, 0, 3, 4, 20, 22, 29, 132, 211, 117, 17, 4, 0, 7, 2, 0, 0, 0, 0, 0, 0]}",[779.3163928717818],"{'state': array([[ 0.00000000e+00,  0.00000000e+00,  0.00000000e+00,
         0.00000000e+00,  0.00000000e+00],
       [-2.84237824e-02, -9.99353111e-01,  3.59627604e-02,
        -3.73030305e-01, -5.31144023e-01],
       [-1.43039795e-02, -9.99999881e-01,  4.44146281e-04,
         5.20885110e-01,  8.87921154e-01],
       [ 1.47930935e-01, -9.70333338e-01, -2.41770938e-01,
         1.38129878e+00,  1.87538242e+00],
       [ 4.66807395e-01, -8.27724576e-01, -5.61134636e-01,
         2.15289259e+00,  1.85279799e+00],
       [ 8.84526551e-01, -6.69518471e-01, -7.42795408e-01,
         2.76108789e+00,  8.89850676e-01],
       [ 1.51770031e+00, -6.43854499e-01, -7.65147924e-01,
         3.57102346e+00, -5.64936519e-01],
       [ 1.87840652e+00, -9.99725819e-01,  2.34143008e-02,
        -4.66912001e-01, -6.97348833e+00],
       [ 1.77578986e+00, -4.45892036e-01,  8.95086765e-01,
        -7.61958539e-01, -6.14490366e+00],
       [ 1.62310851e+00,  3.75507295e-01,  9.26819444e-01,
        -1.07783306e+00, -3.75132084e+00],
       [ 1.51406598e+00,  6.89278603e-01,  7.24496424e-01,
        -7.47789323e-01, -2.58533287e+00],
       [ 1.45510411e+00,  8.93799543e-01,  4.48466718e-01,
        -3.71701196e-02, -2.15366340e+00],
       [ 1.43604887e+00,  9.76151407e-01,  2.17090711e-01,
        -2.15939954e-01, -1.21000576e+00],
       [ 1.39406478e+00,  9.95941341e-01,  9.00048167e-02,
        -3.82215112e-01, -6.72637761e-01],
       [ 1.32996607e+00,  9.99961138e-01,  8.81881360e-03,
        -4.71080214e-01, -4.42353815e-01],
       [ 1.21252787e+00,  9.99913037e-01, -1.31896399e-02,
        -9.10106003e-01,  1.73872411e-01],
       [ 1.04200876e+00,  9.99879360e-01,  1.55318482e-02,
        -8.85461032e-01,  1.42335713e-01],
       [ 8.92994344e-01,  9.99514341e-01,  3.11615802e-02,
        -7.70583451e-01,  3.85470837e-02],
       [ 7.87249446e-01,  9.99978065e-01,  6.62228558e-03,
        -4.72990006e-01, -3.37962151e-01],
       [ 6.80027843e-01,  9.99917686e-01, -1.28316311e-02,
        -7.88052857e-01,  1.00650899e-01],
       [ 5.22485018e-01,  9.99864638e-01,  1.64521486e-02,
        -8.70932758e-01,  2.21744761e-01],
       [ 3.97867024e-01,  9.99893427e-01,  1.46010593e-02,
        -5.13678133e-01, -2.43157655e-01],
       [ 2.72280127e-01,  9.99773264e-01,  2.12948676e-02,
        -8.81863773e-01,  3.20590615e-01],
       [ 1.45884827e-01,  9.99535084e-01,  3.04904524e-02,
        -4.48825985e-01, -2.19276607e-01],
       [ 4.77188714e-02,  9.99764442e-01,  2.17034500e-02,
        -6.41723514e-01,  1.17594898e-01],
       [-4.81047779e-02,  9.99617279e-01,  2.76639890e-02,
        -4.85733777e-01, -4.48596776e-02],
       [-1.30891159e-01,  9.99668062e-01,  2.57636793e-02,
        -4.88186419e-01,  2.16727518e-02],
       [-2.19540119e-01,  9.99040306e-01,  4.37998399e-02,
        -5.55092573e-01,  1.98437497e-01],
       [-2.72525281e-01,  9.99643624e-01,  2.66950689e-02,
        -6.79203421e-02, -4.07286227e-01],
       [-3.34327728e-01,  9.99566078e-01,  2.94549838e-02,
        -6.18820727e-01,  4.39204097e-01],
       [-3.90254200e-01,  9.99154568e-01,  4.11111936e-02,
        -3.93854827e-02, -2.96847701e-01],
       [-4.06928927e-01,  9.99988019e-01,  4.89632692e-03,
        -1.35348901e-01, -1.01942666e-01],
       [-4.41120923e-01,  9.99998152e-01, -1.90943433e-03,
        -2.24416375e-01,  2.70149317e-02],
       [-4.98829812e-01,  9.99480546e-01,  3.22279669e-02,
        -4.55172211e-01,  3.89401704e-01],
       [-5.33819377e-01,  9.98948872e-01,  4.58381511e-02,
         4.32448313e-02, -2.23170847e-01],
       [-5.18568277e-01,  9.99997497e-01,  2.22959742e-03,
         1.27116412e-01, -2.81528711e-01],
       [-5.31016529e-01,  9.99995232e-01,  3.08111380e-03,
        -2.73577631e-01,  2.91906208e-01],
       [-5.74875474e-01,  9.98630464e-01,  5.23186587e-02,
        -2.14764684e-01,  2.77998447e-01],
       [-5.58709264e-01,  9.99362230e-01,  3.57094221e-02,
         3.94744247e-01, -4.70463783e-01],
       [-5.20013392e-01,  9.99997616e-01,  2.18441919e-03,
         3.59001867e-02,  8.25800821e-02],
       [-4.98207331e-01,  9.99989450e-01, -4.59253881e-03,
         2.06528082e-01, -1.60978511e-01],
       [-4.78568345e-01,  9.99957919e-01, -9.17430595e-03,
         3.02112603e-04,  1.10528477e-01],
       [-4.76325780e-01,  9.99977231e-01,  6.74981065e-03,
         2.42840089e-02,  7.36986175e-02],
       [-4.52092558e-01,  9.99960840e-01, -8.85286834e-03,
         2.61115879e-01, -2.64009625e-01],
       [-4.53400522e-01,  9.99937057e-01,  1.12185702e-02,
        -2.76058555e-01,  4.96219695e-01],
       [-4.50380474e-01,  9.99545217e-01,  3.01563628e-02,
         3.09201658e-01, -2.76980788e-01],
       [-4.02940989e-01,  9.99998569e-01, -1.68374705e-03,
         1.90857604e-01, -7.35847130e-02],
       [-3.94445956e-01,  9.99736369e-01,  2.29602512e-02,
        -9.69729722e-02,  3.58687639e-01],
       [-3.60839993e-01,  9.99789000e-01,  2.05410514e-02,
         4.70415950e-01, -3.86679292e-01],
       [-2.92806983e-01,  9.99626577e-01, -2.73261517e-02,
         3.30911428e-01, -1.97241485e-01],
       [-2.52609432e-01,  9.99083996e-01, -4.27917913e-02,
         1.16057046e-01,  1.81739032e-02],
       [-2.38116294e-01,  9.99236226e-01, -3.90760936e-02,
         3.64219509e-02,  2.27665883e-02],
       [-2.52374381e-01,  9.99922395e-01, -1.24602122e-02,
        -1.95400909e-01,  2.85300493e-01],
       [-2.54199743e-01,  9.99941766e-01, -1.07893376e-02,
         1.75079003e-01, -2.65961558e-01],
       [-2.55034983e-01,  9.99874353e-01, -1.58514697e-02,
        -1.84247643e-01,  2.07375467e-01],
       [-2.89531171e-01,  9.99743998e-01,  2.26258580e-02,
        -1.99840963e-01,  2.37789959e-01],
       [-2.92036980e-01,  9.99733210e-01,  2.30984334e-02,
         1.70346484e-01, -2.32014686e-01],
       [-2.70009428e-01,  9.99993324e-01, -3.66026699e-03,
         8.93263817e-02, -9.43924934e-02]], dtype=float32), 'action': array([-2.71464884e-01,  4.80198920e-01,  5.29379368e-01,  4.79566485e-01,
        4.21244353e-01,  4.69610572e-01, -2.19864979e-01, -3.35114509e-01,
       -3.26452315e-01,  2.86937773e-01,  5.16336799e-01, -1.06311075e-01,
       -1.12401165e-01, -5.76033965e-02, -2.65986681e-01,  1.33932978e-02,
        6.72784969e-02,  1.81456342e-01, -1.90995812e-01, -4.48384508e-02,
        2.05375254e-01, -2.09380284e-01,  2.36470386e-01, -1.08555153e-01,
        9.61295962e-02,  3.44762579e-04, -3.81247289e-02,  2.97407985e-01,
       -3.13174218e-01,  3.53276640e-01, -5.04396446e-02, -4.81807925e-02,
       -1.38677090e-01,  3.04490864e-01,  4.96315397e-02, -2.42410600e-01,
        3.55321951e-02,  3.51710469e-01, -2.03928858e-01,  9.75131989e-02,
       -1.12244062e-01,  1.36332577e-02,  1.43319041e-01, -3.07157308e-01,
        3.36186439e-01, -6.31532818e-02, -1.63889170e-01,  3.26047271e-01,
       -8.46761540e-02, -1.25307485e-01, -4.59798761e-02, -1.34381011e-01,
        2.11092100e-01, -2.06441641e-01, -8.69495515e-03,  2.25718141e-01,
       -4.83723842e-02, -1.28757834e-01], dtype=float32), 'dt': array([14, 19, 17, 18, 17, 20, 23, 16, 17, 12, 15, 15, 14, 15, 17, 19, 18,
       17, 17, 19, 18, 18, 19, 18, 17, 17, 17, 17, 18, 17, 19, 19, 17, 17,
       18, 17, 18, 18, 18, 18, 19, 18, 17, 18, 18, 19, 18, 18, 17, 18, 19,
       18, 18, 18, 18, 17, 17, 17], dtype=int32), 'latent_action': array([[ 0.72826684,  0.7485739 ],
       [-0.7728386 , -0.78778595],
       [-0.77722174, -0.7533031 ],
       [-0.7680453 , -0.75928473],
       [-0.76375353, -0.73109627],
       [-0.7870327 , -0.76688117],
       [ 0.7696427 , -0.77342415],
       [ 0.7408174 ,  0.25430053],
       [ 0.7441361 ,  0.16115029],
       [-0.30485746,  0.1575949 ],
       [-0.65135   , -0.3515891 ],
       [ 0.25560513,  0.01537061],
       [ 0.3091935 ,  0.17126411],
       [ 0.3002061 , -0.00985361],
       [ 0.47805285, -0.3023853 ],
       [ 0.06337535, -0.69962084],
       [-0.00746903, -0.7373371 ],
       [ 0.01450989, -0.72206986],
       [ 0.4564328 , -0.61241746],
       [ 0.22117153, -0.76857954],
       [-0.1405876 , -0.7794318 ],
       [ 0.36923173, -0.76140857],
       [-0.13692667, -0.7703854 ],
       [ 0.39154226, -0.7641943 ],
       [ 0.09210324, -0.76299083],
       [ 0.20378093, -0.7434775 ],
       [ 0.2130961 , -0.75256133],
       [-0.2288694 , -0.7522426 ],
       [ 0.5308421 , -0.46152183],
       [-0.3114089 , -0.7709775 ],
       [ 0.32730618, -0.7232456 ],
       [ 0.33292085, -0.75804275],
       [ 0.32078484, -0.7582787 ],
       [-0.25123292, -0.80037284],
       [ 0.2326865 , -0.77802306],
       [ 0.55058455, -0.50229526],
       [ 0.04699766, -0.7398277 ],
       [-0.34784487, -0.7418398 ],
       [ 0.52257955, -0.48867124],
       [ 0.1409418 , -0.7437608 ],
       [ 0.38590991, -0.7286496 ],
       [ 0.16000237, -0.7628826 ],
       [ 0.14978778, -0.756938  ],
       [ 0.5837532 , -0.6042198 ],
       [-0.35208198, -0.7738342 ],
       [ 0.37588254, -0.7584828 ],
       [ 0.39593008, -0.76004547],
       [-0.4213768 , -0.7740502 ],
       [ 0.49776068, -0.73262906],
       [ 0.4262278 , -0.6598432 ],
       [ 0.36621314, -0.7628349 ],
       [ 0.41070548, -0.7297497 ],
       [-0.12514232, -0.7543464 ],
       [ 0.53024375, -0.74670213],
       [ 0.11908454, -0.7323403 ],
       [-0.18694241, -0.78331184],
       [ 0.3375165 , -0.7620128 ],
       [ 0.2751428 , -0.7215079 ]], dtype=float32), 'hybrid_action': array([[-2.71464884e-01, -1.19279958e-01],
       [ 4.80198920e-01,  2.18556702e-01],
       [ 5.29379368e-01,  1.21867768e-01],
       [ 4.79566485e-01,  1.73941210e-01],
       [ 4.21244353e-01,  1.24778830e-01],
       [ 4.69610572e-01,  3.20364654e-01],
       [-2.19864979e-01,  5.30370533e-01],
       [-3.35114509e-01,  6.42588437e-02],
       [-3.26452315e-01,  6.92081675e-02],
       [ 2.86937773e-01, -2.53671348e-01],
       [ 5.16336799e-01, -1.05134007e-02],
       [-1.06311075e-01, -4.13866006e-02],
       [-1.12401165e-01, -8.64563063e-02],
       [-5.76033965e-02, -2.22573932e-02],
       [-2.65986681e-01,  1.00952044e-01],
       [ 1.33932978e-02,  2.46161431e-01],
       [ 6.72784969e-02,  1.47761777e-01],
       [ 1.81456342e-01,  7.31198639e-02],
       [-1.90995812e-01,  1.16310470e-01],
       [-4.48384508e-02,  2.14356467e-01],
       [ 2.05375254e-01,  1.71721339e-01],
       [-2.09380284e-01,  2.00679913e-01],
       [ 2.36470386e-01,  2.25013047e-01],
       [-1.08555153e-01,  1.99980006e-01],
       [ 9.61295962e-02,  9.08429623e-02],
       [ 3.44762579e-04,  1.33243397e-01],
       [-3.81247289e-02,  1.36021569e-01],
       [ 2.97407985e-01,  1.26548797e-01],
       [-3.13174218e-01,  1.87397003e-01],
       [ 3.53276640e-01,  1.12310976e-01],
       [-5.04396446e-02,  2.52835363e-01],
       [-4.81807925e-02,  2.66922563e-01],
       [-1.38677090e-01,  1.28641725e-01],
       [ 3.04490864e-01,  9.60624665e-02],
       [ 4.96315397e-02,  1.78513691e-01],
       [-2.42410600e-01,  7.21777380e-02],
       [ 3.55321951e-02,  1.75354570e-01],
       [ 3.51710469e-01,  1.83627635e-01],
       [-2.03928858e-01,  1.63527727e-01],
       [ 9.75131989e-02,  1.54883072e-01],
       [-1.12244062e-01,  2.48012096e-01],
       [ 1.36332577e-02,  1.55497521e-01],
       [ 1.43319041e-01,  1.22497924e-01],
       [-3.07157308e-01,  1.87846884e-01],
       [ 3.36186439e-01,  2.02635810e-01],
       [-6.31532818e-02,  2.38430992e-01],
       [-1.63889170e-01,  1.53797537e-01],
       [ 3.26047271e-01,  1.67770907e-01],
       [-8.46761540e-02,  1.33987263e-01],
       [-1.25307485e-01,  1.76186636e-01],
       [-4.59798761e-02,  2.12868258e-01],
       [-1.34381011e-01,  1.89242125e-01],
       [ 2.11092100e-01,  1.53427735e-01],
       [-2.06441641e-01,  1.76399603e-01],
       [-8.69495515e-03,  1.62974551e-01],
       [ 2.25718141e-01,  1.12897225e-01],
       [-4.83723842e-02,  1.24832533e-01],
       [-1.28757834e-01,  1.06984861e-01]], dtype=float32)}",10.392591493524591,56.800000000000004
3700,782.8335368893315,"{0: [0, 0, 0, 0, 0, 0, 0, 0, 0, 0, 0, 3, 2, 13, 23, 30, 129, 218, 112, 22, 8, 1, 6, 1, 0, 0, 0, 0, 0, 0]}",[782.8335368893315],"{'state': array([[ 0.00000000e+00,  0.00000000e+00,  0.00000000e+00,
         0.00000000e+00,  0.00000000e+00],
       [-2.90977675e-03, -9.99893606e-01,  1.45858219e-02,
        -1.89740270e-01, -2.68990070e-01],
       [ 4.46159020e-02, -9.98237848e-01, -5.93394004e-02,
         6.88268840e-01,  1.01086211e+00],
       [ 2.28383526e-01, -9.54967499e-01, -2.96710402e-01,
         1.46727967e+00,  1.71987391e+00],
       [ 5.57044983e-01, -8.14734638e-01, -5.79833984e-01,
         2.39122295e+00,  1.85391319e+00],
       [ 1.05479431e+00, -6.42118037e-01, -7.66605794e-01,
         3.13893247e+00,  8.66486967e-01],
       [ 1.72751820e+00, -6.50499344e-01, -7.59506822e-01,
         3.58806944e+00, -9.72256899e-01],
       [ 1.84121513e+00, -9.22188282e-01,  3.86741161e-01,
        -6.70196950e-01, -6.82193851e+00],
       [ 1.72671974e+00, -2.37224892e-01,  9.71454740e-01,
        -8.46007526e-01, -5.38008976e+00],
       [ 1.57248557e+00,  3.95904839e-01,  9.18291569e-01,
        -1.24313462e+00, -3.19753861e+00],
       [ 1.42246175e+00,  7.48944640e-01,  6.62632585e-01,
        -4.32114720e-01, -1.85859108e+00],
       [ 1.42425597e+00,  9.12749290e-01,  4.08520162e-01,
         4.54505712e-01, -1.49030244e+00],
       [ 1.59482658e+00,  9.94746268e-01,  1.02370970e-01,
         1.25811875e+00, -1.86348510e+00],
       [ 1.72032893e+00,  9.96786535e-01, -8.01037177e-02,
         8.35675240e-01, -1.23735273e+00],
       [ 1.79595828e+00,  9.78893518e-01, -2.04371065e-01,
         4.26627189e-01, -8.96495938e-01],
       [ 1.80860662e+00,  9.60340798e-01, -2.78828949e-01,
        -1.24019749e-01, -5.36235154e-01],
       [ 1.75574899e+00,  9.39194143e-01, -3.43386561e-01,
        -6.29954040e-01, -4.60119605e-01],
       [ 1.58416891e+00,  8.70169640e-01, -4.92752224e-01,
        -1.00199485e+00, -1.19226849e+00],
       [ 1.34434319e+00,  6.10228539e-01, -7.92225420e-01,
        -1.28761899e+00, -2.77314234e+00],
       [ 1.13072348e+00, -2.43238389e-01, -9.69966531e-01,
        -8.11049163e-01, -5.80335712e+00],
       [ 9.21557188e-01, -9.87959027e-01,  1.54715896e-01,
        -1.10307288e+00, -7.67758703e+00],
       [ 7.22433150e-01, -6.42231926e-02,  9.97935534e-01,
        -8.65582645e-01, -5.45130920e+00],
       [ 5.51646769e-01,  6.08569145e-01,  7.93500841e-01,
        -1.18531501e+00, -3.02171373e+00],
       [ 4.07603145e-01,  8.41574430e-01,  5.40141165e-01,
        -8.76150668e-01, -2.01904202e+00],
       [ 3.03052276e-01,  9.38255191e-01,  3.45943898e-01,
        -7.31628060e-01, -1.38962281e+00],
       [ 1.81099355e-01,  9.78273213e-01,  2.07319796e-01,
        -8.93112361e-01, -5.85757494e-01],
       [ 1.81790572e-02,  9.91068900e-01,  1.33350894e-01,
        -8.20357561e-01, -2.40330651e-01],
       [-1.35421231e-01,  9.93196785e-01,  1.16448075e-01,
        -7.96135008e-01,  5.28539605e-02],
       [-2.41578251e-01,  9.95104074e-01,  9.88324657e-02,
        -3.83005798e-01, -2.58004218e-01],
       [-3.01981628e-01,  9.98210073e-01,  5.98049648e-02,
        -2.87339151e-01, -1.94957361e-01],
       [-3.71920884e-01,  9.97945607e-01,  6.40665442e-02,
        -4.89845902e-01,  2.44328246e-01],
       [-4.33149546e-01,  9.96040285e-01,  8.89033228e-02,
        -2.30995506e-01,  5.96245453e-02],
       [-4.38545018e-01,  9.97593939e-01,  6.93277791e-02,
         1.59411803e-01, -3.29114407e-01],
       [-4.19718146e-01,  9.99319196e-01,  3.68931554e-02,
         6.27049133e-02, -6.70039430e-02],
       [-4.06493634e-01,  9.99554217e-01,  2.98555326e-02,
         8.43799189e-02, -1.44578312e-02],
       [-3.78704160e-01,  9.99911904e-01,  1.32754352e-02,
         2.42880598e-01, -1.87838480e-01],
       [-3.42402369e-01,  9.99961972e-01, -8.71998910e-03,
         1.60931140e-01, -6.66309595e-02],
       [-3.25712770e-01,  9.99987066e-01, -5.09131979e-03,
         2.44350526e-02,  1.08609714e-01],
       [-3.25154752e-01,  9.99787390e-01,  2.06192490e-02,
        -1.87679436e-02,  1.88845620e-01],
       [-3.00088137e-01,  9.99898136e-01,  1.42711848e-02,
         3.32215369e-01, -2.70802677e-01],
       [-2.61437893e-01,  9.99987841e-01, -4.93440637e-03,
         1.22872978e-01,  3.65360156e-02],
       [-2.36393437e-01,  9.99993920e-01, -3.48412339e-03,
         1.55368179e-01, -1.97569262e-02],
       [-2.07062349e-01,  9.99966204e-01, -8.22451990e-03,
         1.53484046e-01, -3.24315317e-02],
       [-1.78659961e-01,  9.99843478e-01, -1.76926870e-02,
         1.62294790e-01, -7.71133825e-02],
       [-1.55020133e-01,  9.99594629e-01, -2.84704920e-02,
         1.00595333e-01, -4.76120375e-02],
       [-1.48856744e-01,  9.99643922e-01, -2.66844034e-02,
        -2.81183366e-02,  6.94048479e-02],
       [-1.47185728e-01,  9.99553084e-01, -2.98938081e-02,
         4.67503592e-02, -1.06544346e-01],
       [-1.48402229e-01,  9.99125183e-01, -4.18189839e-02,
        -6.08250238e-02, -3.90183516e-02],
       [-1.83681205e-01,  9.99687672e-01, -2.49903928e-02,
        -3.10903043e-01,  2.24423453e-01],
       [-2.40461588e-01,  9.99904692e-01,  1.38062639e-02,
        -3.20794433e-01,  2.24442437e-01],
       [-2.73231715e-01,  9.99696314e-01,  2.46431734e-02,
        -6.49553165e-02, -9.22122225e-02],
       [-2.91159719e-01,  9.99812007e-01,  1.93897709e-02,
        -1.14203364e-01,  3.69987227e-02],
       [-3.03851306e-01,  9.99813735e-01,  1.93010997e-02,
        -2.68135723e-02, -3.80227901e-02],
       [-3.23316306e-01,  9.99235213e-01,  3.91020179e-02,
        -2.02567354e-01,  2.79612273e-01],
       [-3.17052484e-01,  9.99280155e-01,  3.79361175e-02,
         2.72183478e-01, -2.93105930e-01],
       [-2.55909503e-01,  9.99640524e-01, -2.68110950e-02,
         3.72835398e-01, -4.19826627e-01],
       [-2.48889908e-01,  9.99715269e-01, -2.38618478e-02,
        -2.85138667e-01,  4.57910627e-01],
       [-2.68976599e-01,  9.99930441e-01,  1.17932810e-02,
         6.12109974e-02, -4.53942753e-02]], dtype=float32), 'action': array([-0.14260161,  0.47470087,  0.4854922 ,  0.6018239 ,  0.4835735 ,
        0.27691454, -0.27703434, -0.29612663, -0.37601835,  0.49207988,
        0.5141415 ,  0.42969427, -0.36134103, -0.36010408, -0.3546915 ,
       -0.39458057, -0.20933211, -0.16525961,  0.32348216, -0.00602551,
       -0.05030618, -0.27131888,  0.24785438,  0.13745403, -0.09410281,
        0.05089007,  0.02163263,  0.24384847,  0.06017208, -0.11159481,
        0.16204879,  0.2733732 , -0.05488232,  0.01470803,  0.0974683 ,
       -0.04670365, -0.07854196, -0.02417398,  0.22694696, -0.12640692,
        0.01830146, -0.00141661,  0.00415138, -0.03687897, -0.07984313,
        0.04086809, -0.0676223 , -0.13786136, -0.00605864,  0.1562214 ,
       -0.02386151,  0.05131781, -0.10439305,  0.2742302 ,  0.05495192,
       -0.42493448,  0.19767556,  0.04194357], dtype=float32), 'dt': array([14, 19, 17, 17, 18, 20, 24, 15, 15, 18, 19, 20, 12, 12, 12, 14, 21,
       21, 21, 21, 20, 17, 14, 13, 15, 19, 19, 18, 18, 18, 17, 15, 17, 18,
       17, 18, 18, 18, 16, 17, 18, 19, 18, 18, 17, 18, 17, 19, 18, 17, 20,
       18, 17, 18, 19, 16, 18, 18], dtype=int32), 'latent_action': array([[ 7.2727311e-01,  7.6281106e-01],
       [-7.6627493e-01, -7.6839936e-01],
       [-7.7112758e-01, -7.6163727e-01],
       [-8.0577171e-01, -7.7627927e-01],
       [-8.0510682e-01, -7.8279763e-01],
       [-7.4948126e-01, -7.7058756e-01],
       [ 7.8826916e-01, -7.7099341e-01],
       [ 7.5633240e-01,  2.6971436e-01],
       [ 7.5914222e-01,  2.9326451e-01],
       [-7.3126930e-01, -8.0433482e-01],
       [-7.9130369e-01, -7.4953538e-01],
       [-4.2609474e-01, -6.5168273e-01],
       [ 7.1378446e-01,  7.3456907e-01],
       [ 7.6213610e-01,  7.4903995e-01],
       [ 7.3447490e-01,  7.3006958e-01],
       [ 7.4595159e-01,  5.6531000e-01],
       [ 7.3423243e-01, -7.8983212e-01],
       [ 5.7204890e-01, -7.6287997e-01],
       [-3.2673895e-01, -7.4863344e-01],
       [ 1.3417041e-01, -7.0841622e-01],
       [ 3.9999485e-01, -3.7788597e-01],
       [ 4.7841412e-01,  6.1091961e-04],
       [-1.8457085e-01, -8.4272347e-02],
       [-6.8011880e-02,  8.6762957e-02],
       [ 2.3368926e-01, -2.4633376e-01],
       [ 1.7902483e-01, -7.4867278e-01],
       [ 1.3908473e-01, -7.6704955e-01],
       [-1.8538447e-01, -7.7250183e-01],
       [ 7.2679125e-02, -7.6138425e-01],
       [ 3.6792150e-01, -7.4732065e-01],
       [-2.2960936e-01, -7.2471285e-01],
       [-1.6653545e-01, -7.8301442e-01],
       [ 3.0834889e-01, -7.7914137e-01],
       [ 1.7383313e-01, -8.0507672e-01],
       [ 1.2669870e-01, -7.6127726e-01],
       [ 3.4815720e-01, -7.3198789e-01],
       [ 3.4148127e-01, -7.3152471e-01],
       [ 2.0363380e-01, -8.1391954e-01],
       [-1.7549169e-01, -7.3429453e-01],
       [ 3.7118283e-01, -7.0642889e-01],
       [ 2.0142360e-01, -7.9559273e-01],
       [ 1.7315982e-01, -7.5501198e-01],
       [ 2.0384772e-01, -7.5245374e-01],
       [ 3.0203381e-01, -7.7146864e-01],
       [ 2.2584897e-01, -7.6066571e-01],
       [ 1.7470574e-01, -7.7754581e-01],
       [ 4.2761073e-01, -7.6609457e-01],
       [ 5.0383407e-01, -7.8408486e-01],
       [ 2.0222694e-01, -7.7924830e-01],
       [-4.7215424e-02, -7.4101007e-01],
       [ 1.9368902e-01, -7.8315091e-01],
       [ 1.1097186e-01, -7.3971927e-01],
       [ 2.6570913e-01, -7.6774991e-01],
       [-2.4092861e-01, -7.8276962e-01],
       [ 3.2061806e-01, -7.7311099e-01],
       [ 6.8431830e-01,  3.0311915e-01],
       [-1.7184488e-01, -7.6099885e-01],
       [ 1.5763843e-01, -7.6604748e-01]], dtype=float32), 'hybrid_action': array([[-0.14260161, -0.0727156 ],
       [ 0.47470087,  0.23390153],
       [ 0.4854922 ,  0.11688172],
       [ 0.6018239 ,  0.12681432],
       [ 0.4835735 ,  0.19437528],
       [ 0.27691454,  0.31428087],
       [-0.27703434,  0.57632685],
       [-0.29612663, -0.01861485],
       [-0.37601835, -0.05892361],
       [ 0.49207988,  0.19304606],
       [ 0.5141415 ,  0.21221575],
       [ 0.42969427,  0.28211927],
       [-0.36134103, -0.25609455],
       [-0.36010408, -0.26125538],
       [-0.3546915 , -0.25234365],
       [-0.39458057, -0.0908139 ],
       [-0.20933211,  0.3976718 ],
       [-0.16525961,  0.3535997 ],
       [ 0.32348216,  0.35723442],
       [-0.00602551,  0.38251007],
       [-0.05030618,  0.28891605],
       [-0.27131888,  0.10309327],
       [ 0.24785438, -0.11447724],
       [ 0.13745403, -0.15657124],
       [-0.09410281, -0.01118561],
       [ 0.05089007,  0.20835502],
       [ 0.02163263,  0.24179092],
       [ 0.24384847,  0.19456734],
       [ 0.06017208,  0.15788625],
       [-0.11159481,  0.15563972],
       [ 0.16204879,  0.08382198],
       [ 0.2733732 , -0.00727177],
       [-0.05488232,  0.11881535],
       [ 0.01470803,  0.13881466],
       [ 0.0974683 ,  0.1254448 ],
       [-0.04670365,  0.17585391],
       [-0.07854196,  0.15720509],
       [-0.02417398,  0.19924437],
       [ 0.22694696,  0.02733724],
       [-0.12640692,  0.09389113],
       [ 0.01830146,  0.16268338],
       [-0.00141661,  0.27053106],
       [ 0.00415138,  0.15695538],
       [-0.03687897,  0.20504664],
       [-0.07984313,  0.08090351],
       [ 0.04086809,  0.14346518],
       [-0.0676223 ,  0.12890081],
       [-0.13786136,  0.20743766],
       [-0.00605864,  0.19139214],
       [ 0.1562214 ,  0.13121031],
       [-0.02386151,  0.276592  ],
       [ 0.05131781,  0.17008947],
       [-0.10439305,  0.10990707],
       [ 0.2742302 ,  0.15815316],
       [ 0.05495192,  0.22725132],
       [-0.42493448,  0.0117991 ],
       [ 0.19767556,  0.14034483],
       [ 0.04194357,  0.14316179]], dtype=float32)}",33.38500391022341,56.800000000000004
3750,789.9077267932992,"{0: [0, 0, 0, 0, 0, 0, 0, 0, 0, 0, 0, 1, 2, 9, 10, 34, 125, 219, 119, 31, 3, 0, 5, 3, 0, 0, 0, 0, 0, 0]}",[789.9077267932992],"{'state': array([[ 0.00000000e+00,  0.00000000e+00,  0.00000000e+00,
         0.00000000e+00,  0.00000000e+00],
       [-3.89424898e-02, -9.99695420e-01,  2.46784352e-02,
        -2.34131724e-01, -3.32090229e-01],
       [ 8.65344610e-03, -9.98567402e-01, -5.35082519e-02,
         7.08177209e-01,  1.07360327e+00],
       [ 2.45279983e-01, -9.34243917e-01, -3.56634676e-01,
         1.64808333e+00,  1.86183214e+00],
       [ 5.92942953e-01, -7.80618787e-01, -6.25007451e-01,
         2.43590498e+00,  1.64295959e+00],
       [ 1.09750140e+00, -6.36482120e-01, -7.71291494e-01,
         3.17073417e+00,  5.54050565e-01],
       [ 1.81054568e+00, -6.67111456e-01, -7.44957924e-01,
         3.78560638e+00, -1.10952413e+00],
       [ 1.83087063e+00, -8.42571437e-01,  5.38584590e-01,
        -7.39328027e-01, -6.84580851e+00],
       [ 1.68136513e+00, -2.13491581e-02,  9.99772072e-01,
        -1.13463521e+00, -5.15443897e+00],
       [ 1.48176396e+00,  5.52987397e-01,  8.33189607e-01,
        -1.55892169e+00, -2.93400860e+00],
       [ 1.23816717e+00,  8.58741462e-01,  5.12409151e-01,
        -8.81417096e-01, -1.73439240e+00],
       [ 1.10343981e+00,  9.56921339e-01,  2.90347308e-01,
        -6.13266110e-01, -1.07468319e+00],
       [ 9.83567059e-01,  9.87802446e-01,  1.55712262e-01,
        -6.46276355e-01, -4.44294602e-01],
       [ 8.79690945e-01,  9.96045351e-01,  8.88459906e-02,
        -5.06547570e-01, -3.35255027e-01],
       [ 7.98346043e-01,  9.99537826e-01,  3.04004978e-02,
        -3.96077186e-01, -3.42226267e-01],
       [ 7.03918576e-01,  9.99979079e-01,  6.46812981e-03,
        -6.52621031e-01,  6.53270707e-02],
       [ 5.87533593e-01,  9.99818146e-01,  1.90687012e-02,
        -6.40807867e-01,  8.04607421e-02],
       [ 4.98420447e-01,  9.99999821e-01, -5.97122649e-04,
        -3.48931223e-01, -3.07999372e-01],
       [ 4.18109804e-01,  9.99073625e-01, -4.30342294e-02,
        -4.95508909e-01, -1.59374923e-01],
       [ 2.60499209e-01,  9.99999166e-01, -1.26943609e-03,
        -1.08157325e+00,  5.98545790e-01],
       [ 9.45439413e-02,  9.98092473e-01,  6.17366694e-02,
        -6.66735053e-01,  9.57656130e-02],
       [ 1.33227576e-02,  9.99337852e-01,  3.63844670e-02,
        -2.35181421e-01, -3.89566541e-01],
       [-6.66278079e-02,  9.99808848e-01,  1.95503999e-02,
        -6.06037080e-01,  2.04202965e-01],
       [-1.68271527e-01,  9.98270631e-01,  5.87859154e-02,
        -5.90537369e-01,  2.74752140e-01],
       [-2.21964836e-01,  9.98708189e-01,  5.08126244e-02,
        -4.09897342e-02, -3.72211576e-01],
       [-2.39825636e-01,  9.99944806e-01,  1.05075194e-02,
        -1.68355748e-01, -1.19613580e-01],
       [-2.74183214e-01,  9.99999940e-01, -3.10530333e-04,
        -2.35637322e-01, -1.23419538e-02],
       [-3.63133758e-01,  9.97916400e-01,  6.45201728e-02,
        -7.02040493e-01,  7.26267755e-01],
       [-4.20437574e-01,  9.93207157e-01,  1.16359323e-01,
         6.41109645e-02, -1.22984678e-01],
       [-3.82532686e-01,  9.96915758e-01,  7.84792826e-02,
         3.82596523e-01, -3.41527879e-01],
       [-3.27672660e-01,  9.98989344e-01,  4.49471623e-02,
         3.03758442e-01, -9.20514315e-02],
       [-2.32430905e-01,  9.99815106e-01, -1.92301385e-02,
         7.00192153e-01, -6.14757895e-01],
       [-1.61081597e-01,  9.98012543e-01, -6.30159602e-02,
         1.40119329e-01,  7.98636526e-02],
       [-1.60779387e-01,  9.99725521e-01, -2.34290287e-02,
        -1.37816235e-01,  3.56501579e-01],
       [-1.71824291e-01,  9.99844193e-01,  1.76514350e-02,
         7.07028806e-03,  1.44607991e-01],
       [-1.51491255e-01,  9.99779105e-01,  2.10163705e-02,
         2.18778670e-01, -1.05662934e-01],
       [-1.14625275e-01,  9.99955833e-01,  9.39814840e-03,
         1.91084906e-01, -2.87619494e-02],
       [-8.66228864e-02,  9.99875009e-01,  1.58100259e-02,
         1.19920716e-01,  1.02942757e-01],
       [-4.33562361e-02,  9.99994636e-01,  3.27502028e-03,
         3.89342993e-01, -2.55851775e-01],
       [ 9.17223468e-03,  9.99872327e-01, -1.59789696e-02,
         1.64015293e-01,  4.38588187e-02],
       [ 4.04773988e-02,  9.99861956e-01, -1.66151375e-02,
         2.04292640e-01, -5.16183339e-02],
       [ 5.76823540e-02,  9.99999583e-01, -8.90284195e-04,
        -1.34516805e-02,  2.33552143e-01],
       [ 8.87447596e-02,  9.99958515e-01, -9.11168382e-03,
         3.79047394e-01, -3.33823979e-01],
       [ 1.27913013e-01,  9.99537110e-01, -3.04237325e-02,
         3.37289050e-02,  9.90909860e-02],
       [ 1.36953905e-01,  9.99753833e-01, -2.21874937e-02,
         6.12580515e-02, -8.38865619e-03],
       [ 1.39857382e-01,  9.99858439e-01, -1.68262143e-02,
        -2.91078333e-02,  7.04249293e-02],
       [ 1.25207916e-01,  9.99974787e-01,  7.10322196e-03,
        -1.34160355e-01,  2.06423402e-01],
       [ 1.17500938e-01,  9.99740720e-01,  2.27693710e-02,
         3.75292040e-02, -4.17016493e-03],
       [ 1.25313252e-01,  9.99694169e-01,  2.47309804e-02,
         5.43415472e-02,  2.81037558e-02],
       [ 1.70814306e-01,  9.99804378e-01, -1.97780542e-02,
         4.81833398e-01, -5.71068943e-01],
       [ 2.01291263e-01,  9.98735785e-01, -5.02677672e-02,
        -1.00272901e-01,  1.77047729e-01],
       [ 1.97175890e-01,  9.98788357e-01, -4.92120534e-02,
         5.45227937e-02, -1.64818421e-01],
       [ 1.64072707e-01,  9.99609947e-01, -2.79271547e-02,
        -4.22787488e-01,  4.11358356e-01],
       [ 1.02727495e-01,  9.99740601e-01,  2.27765478e-02,
        -2.59876609e-01,  1.75284564e-01],
       [ 8.10357407e-02,  9.99707639e-01,  2.41793990e-02,
         1.88235249e-02, -1.59041271e-01],
       [ 7.14281127e-02,  9.99803245e-01,  1.98346823e-02,
        -1.31767720e-01,  1.06035031e-01]], dtype=float32), 'action': array([-0.17495684,  0.48318046,  0.500324  ,  0.52330685,  0.4750325 ,
        0.45832342, -0.26763234, -0.44863418, -0.36896035,  0.3758935 ,
        0.17663836, -0.00362925,  0.08827612,  0.067261  , -0.14548653,
        0.00760684,  0.16755415, -0.08096685, -0.3034305 ,  0.22689   ,
        0.25023544, -0.19910924,  0.01206147,  0.33657363, -0.07500315,
       -0.04039039, -0.250649  ,  0.44466263,  0.1996687 , -0.0464179 ,
        0.21578442, -0.34195703, -0.15362844,  0.0875169 ,  0.1224323 ,
       -0.01477821, -0.03982338,  0.16379243, -0.12255212,  0.02326324,
       -0.12514   ,  0.237292  , -0.18852   ,  0.01311316, -0.05303386,
       -0.06042496,  0.11145331,  0.01182982,  0.25900656, -0.3768204 ,
        0.08511171, -0.2757039 ,  0.0929852 ,  0.16102645, -0.08964984,
        0.18970583], dtype=float32), 'dt': array([14, 20, 20, 17, 18, 20, 24, 16, 15, 20, 18, 19, 18, 18, 18, 18, 18,
       19, 20, 19, 18, 19, 17, 17, 17, 17, 19, 18, 17, 16, 19, 17, 19, 17,
       18, 18, 18, 17, 19, 17, 18, 17, 19, 19, 18, 18, 16, 17, 17, 16, 18,
       18, 18, 18, 17, 17], dtype=int32), 'latent_action': array([[ 0.7843075 ,  0.7170586 ],
       [-0.7617893 , -0.75086844],
       [-0.7682589 , -0.78777087],
       [-0.7076484 , -0.8022905 ],
       [-0.78796643, -0.71836925],
       [-0.7554155 , -0.7701656 ],
       [ 0.74484485, -0.7638173 ],
       [ 0.79730636,  0.24098876],
       [ 0.7488943 ,  0.383936  ],
       [-0.47333476, -0.7117523 ],
       [-0.00902399, -0.722283  ],
       [ 0.0842346 , -0.74096537],
       [ 0.01834848, -0.74880314],
       [ 0.09033125, -0.74053216],
       [ 0.36524844, -0.75570315],
       [ 0.10686091, -0.8003201 ],
       [-0.00800669, -0.7535531 ],
       [ 0.4821656 , -0.7466552 ],
       [ 0.61047494, -0.73742795],
       [-0.18729827, -0.75163573],
       [-0.1236054 , -0.78397834],
       [ 0.508448  , -0.72706485],
       [ 0.09754958, -0.7770277 ],
       [-0.27235928, -0.7388147 ],
       [ 0.35079148, -0.77785164],
       [ 0.32004273, -0.7715219 ],
       [ 0.34616604, -0.72196835],
       [-0.73111475, -0.77124935],
       [-0.17003475, -0.76343465],
       [ 0.26884192, -0.7114929 ],
       [-0.07154904, -0.75540656],
       [ 0.75822467,  0.35210106],
       [ 0.44028458, -0.7866582 ],
       [-0.14982307, -0.75420773],
       [-0.03362657, -0.7418375 ],
       [ 0.19312137, -0.74988395],
       [ 0.14220245, -0.75810707],
       [-0.032941  , -0.7637385 ],
       [ 0.39725637, -0.8102803 ],
       [ 0.10906473, -0.7822851 ],
       [ 0.26043576, -0.75384414],
       [-0.1320229 , -0.7577026 ],
       [ 0.43895122, -0.7396802 ],
       [ 0.16576177, -0.7767537 ],
       [ 0.17406328, -0.7726839 ],
       [ 0.14839225, -0.75693244],
       [-0.05990284, -0.75270194],
       [ 0.10661703, -0.74195325],
       [-0.14875421, -0.7561103 ],
       [ 0.7197523 ,  0.33968076],
       [ 0.08431926, -0.7276894 ],
       [ 0.5002698 , -0.7363895 ],
       [-0.11568523, -0.76975006],
       [-0.09241635, -0.7646159 ],
       [ 0.22897488, -0.79141265],
       [-0.05436559, -0.74448943]], dtype=float32), 'hybrid_action': array([[-0.17495684, -0.07116981],
       [ 0.48318046,  0.29934272],
       [ 0.500324  ,  0.3435742 ],
       [ 0.52330685,  0.10076344],
       [ 0.4750325 ,  0.18541116],
       [ 0.45832342,  0.30722886],
       [-0.26763234,  0.5519774 ],
       [-0.44863418,  0.05907188],
       [-0.36896035, -0.02743315],
       [ 0.3758935 ,  0.31556982],
       [ 0.17663836,  0.16934498],
       [-0.00362925,  0.22202648],
       [ 0.08827612,  0.14098755],
       [ 0.067261  ,  0.17635936],
       [-0.14548653,  0.17947286],
       [ 0.00760684,  0.14548431],
       [ 0.16755415,  0.16960709],
       [-0.08096685,  0.21104693],
       [-0.3034305 ,  0.27677578],
       [ 0.22689   ,  0.21164301],
       [ 0.25023544,  0.20079957],
       [-0.19910924,  0.26910773],
       [ 0.01206147,  0.13511565],
       [ 0.33657363,  0.1053245 ],
       [-0.07500315,  0.11457553],
       [-0.04039039,  0.12330308],
       [-0.250649  ,  0.23690721],
       [ 0.44466263,  0.17269984],
       [ 0.1996687 ,  0.12158236],
       [-0.0464179 ,  0.0354679 ],
       [ 0.21578442,  0.20796953],
       [-0.34195703,  0.07189825],
       [-0.15362844,  0.22850837],
       [ 0.0875169 ,  0.12756954],
       [ 0.1224323 ,  0.17813535],
       [-0.01477821,  0.15866874],
       [-0.03982338,  0.15055048],
       [ 0.16379243,  0.11820494],
       [-0.12255212,  0.2460573 ],
       [ 0.02326324,  0.08030273],
       [-0.12514   ,  0.17702396],
       [ 0.237292  ,  0.10028186],
       [-0.18852   ,  0.23146763],
       [ 0.01311316,  0.23102038],
       [-0.05303386,  0.18453771],
       [-0.06042496,  0.16072339],
       [ 0.11145331,  0.04445731],
       [ 0.01182982,  0.1286741 ],
       [ 0.25900656,  0.08110649],
       [-0.3768204 ,  0.00733324],
       [ 0.08511171,  0.17408688],
       [-0.2757039 ,  0.17147899],
       [ 0.0929852 ,  0.19194496],
       [ 0.16102645,  0.15805244],
       [-0.08964984,  0.10183263],
       [ 0.18970583,  0.11012335]], dtype=float32)}",16.610556779623604,56.1
3800,802.1248392150852,"{0: [0, 0, 0, 0, 0, 0, 0, 0, 0, 0, 0, 1, 5, 9, 12, 24, 137, 215, 110, 34, 5, 1, 3, 5, 0, 0, 0, 0, 0, 0]}",[802.1248392150852],"{'state': array([[ 0.00000000e+00,  0.00000000e+00,  0.00000000e+00,
         0.00000000e+00,  0.00000000e+00],
       [ 9.52038914e-03, -9.99649584e-01,  2.64710281e-02,
        -2.28096232e-01, -3.05452585e-01],
       [ 5.57916462e-02, -9.98621047e-01, -5.24980053e-02,
         7.13327706e-01,  1.09805536e+00],
       [ 2.76122659e-01, -9.39996421e-01, -3.41184258e-01,
         1.59694672e+00,  1.85591257e+00],
       [ 6.91604018e-01, -7.56002247e-01, -6.54568970e-01,
         2.54942536e+00,  1.59244919e+00],
       [ 1.25310397e+00, -6.14120483e-01, -7.89212286e-01,
         3.36202264e+00,  3.80943179e-01],
       [ 1.91030943e+00, -7.72712469e-01, -6.34756267e-01,
         5.04471719e-01, -4.84610939e+00],
       [ 1.83086121e+00, -9.15898383e-01,  4.01410222e-01,
        -8.74465048e-01, -7.01030397e+00],
       [ 1.66310382e+00, -8.91443789e-02,  9.96018708e-01,
        -1.09434927e+00, -5.26198864e+00],
       [ 1.49244761e+00,  4.52950984e-01,  8.91535401e-01,
        -1.55738068e+00, -3.30921817e+00],
       [ 1.26062894e+00,  8.13767076e-01,  5.81191123e-01,
        -8.91356349e-01, -1.94181573e+00],
       [ 1.12413311e+00,  9.43957567e-01,  3.30066890e-01,
        -5.43444455e-01, -1.17299545e+00],
       [ 1.03993416e+00,  9.87889469e-01,  1.55159399e-01,
        -3.39693248e-01, -8.13481987e-01],
       [ 9.74372804e-01,  9.98601437e-01,  5.28695434e-02,
        -4.29777414e-01, -4.40840036e-01],
       [ 8.60288382e-01,  9.99673486e-01,  2.55518630e-02,
        -7.70526588e-01,  1.39960393e-01],
       [ 7.25827456e-01,  9.98623013e-01,  5.24601750e-02,
        -7.24042356e-01,  1.71586454e-01],
       [ 6.35118484e-01,  9.99266267e-01,  3.83008234e-02,
        -2.83535719e-01, -3.35637301e-01],
       [ 5.65728068e-01,  9.99947071e-01,  1.02882730e-02,
        -4.86891776e-01,  1.14956982e-02],
       [ 4.67025459e-01,  9.99493122e-01,  3.18350717e-02,
        -6.10246599e-01,  2.37815112e-01],
       [ 3.95752996e-01,  9.99462366e-01,  3.27870324e-02,
        -2.28277609e-01, -2.26185516e-01],
       [ 3.50229144e-01,  9.99993801e-01,  3.52612650e-03,
        -2.76936293e-01, -1.12388015e-01],
       [ 2.63761699e-01,  9.99618649e-01,  2.76149791e-02,
        -5.88282883e-01,  3.65505815e-01],
       [ 1.98709175e-01,  9.99066472e-01,  4.31995690e-02,
        -1.34864360e-01, -1.85006127e-01],
       [ 1.61096603e-01,  9.99278069e-01,  3.79906707e-02,
        -2.82944560e-01,  1.24703124e-01],
       [ 1.28107131e-01,  9.98943210e-01,  4.59609330e-02,
        -1.05327778e-01, -2.73823626e-02],
       [ 1.26529932e-01,  9.99658227e-01,  2.61427686e-02,
         8.71639177e-02, -2.14540318e-01],
       [ 1.32541016e-01,  9.99987662e-01,  4.96988138e-03,
        -2.34254133e-02, -1.85773298e-02],
       [ 1.35361001e-01,  9.99970734e-01, -7.65129225e-03,
         5.68487421e-02, -1.35368019e-01],
       [ 1.27693042e-01,  9.99963343e-01, -8.56281724e-03,
        -1.42026469e-01,  1.24817088e-01],
       [ 1.20834127e-01,  9.99903679e-01, -1.38792982e-02,
         6.14345707e-02, -1.89661041e-01],
       [ 1.06870376e-01,  9.99811292e-01, -1.94277558e-02,
        -2.00938687e-01,  1.31336689e-01],
       [ 8.41738582e-02,  9.99854326e-01, -1.70676168e-02,
        -6.61271214e-02, -1.02542929e-01],
       [ 5.61470427e-02,  9.99814391e-01, -1.92675982e-02,
        -2.28840977e-01,  7.83132538e-02],
       [ 1.27938576e-02,  9.99985278e-01, -5.42508438e-03,
        -2.53148705e-01,  8.18430185e-02],
       [-3.08419466e-02,  9.99980628e-01,  6.22445671e-03,
        -2.31936231e-01,  5.29308170e-02],
       [-6.54246956e-02,  9.99974728e-01,  7.10911956e-03,
        -1.52336165e-01, -4.26939875e-02],
       [-9.96786207e-02,  9.99908507e-01,  1.35290297e-02,
        -2.50775725e-01,  1.21000670e-01],
       [-1.34269506e-01,  9.99794126e-01,  2.02916078e-02,
        -9.52923670e-02, -4.99221757e-02],
       [-1.52870148e-01,  9.99843299e-01,  1.77037064e-02,
        -1.11327425e-01,  1.99776068e-02],
       [-1.70235530e-01,  9.99740541e-01,  2.27773804e-02,
        -9.30712298e-02,  4.19213437e-02],
       [-1.90966234e-01,  9.99097764e-01,  4.24691252e-02,
        -1.37675852e-01,  1.85998693e-01],
       [-1.83811232e-01,  9.99186277e-01,  4.03326675e-02,
         2.17216223e-01, -2.10737094e-01],
       [-1.39959082e-01,  9.99998152e-01,  1.92859152e-03,
         2.70826489e-01, -2.33684823e-01],
       [-1.23310588e-01,  9.99973238e-01,  7.31625082e-03,
        -9.56914425e-02,  2.92989284e-01],
       [-1.05345294e-01,  9.99946535e-01,  1.03418119e-02,
         3.06982160e-01, -2.56070048e-01],
       [-5.48844114e-02,  9.99613583e-01, -2.77969986e-02,
         2.25021794e-01, -1.63851187e-01],
       [-3.74407619e-02,  9.99485672e-01, -3.20681036e-02,
        -1.97137799e-02,  1.11716881e-01],
       [-2.59834100e-02,  9.99157131e-01, -4.10490595e-02,
         1.54676944e-01, -2.21311197e-01],
       [-4.19381671e-02,  9.99587774e-01, -2.87112333e-02,
        -3.22893620e-01,  3.57275665e-01],
       [-8.75124559e-02,  9.99892533e-01,  1.46598918e-02,
        -1.84386104e-01,  1.44519225e-01],
       [-9.99027118e-02,  9.99892890e-01,  1.46372803e-02,
         4.67136987e-02, -1.44775435e-01],
       [-1.03295006e-01,  9.99967933e-01,  8.00753850e-03,
        -8.42664689e-02,  6.80710897e-02],
       [-1.05508059e-01,  9.99991655e-01,  4.08580527e-03,
         5.66741861e-02, -1.18690588e-01],
       [-1.01879321e-01,  9.99971628e-01, -7.53641594e-03,
        -1.37535008e-02, -2.30740979e-02],
       [-9.94934663e-02,  9.99774456e-01, -2.12370623e-02,
         4.05465178e-02, -1.35439709e-01],
       [-1.31121024e-01,  9.99993503e-01,  3.60718253e-03,
        -3.57392699e-01,  3.96539241e-01]], dtype=float32), 'action': array([-0.16667442,  0.50815535,  0.49457395,  0.5374835 ,  0.49612385,
        0.39350006, -0.4209478 , -0.3173759 , -0.46755338,  0.3833933 ,
        0.21383221,  0.12592928, -0.04762061, -0.18203907,  0.0292429 ,
        0.25509715, -0.11465669, -0.06912762,  0.2334955 , -0.02659083,
       -0.15931839,  0.26178768, -0.08190816,  0.11044919,  0.11904965,
       -0.05886882,  0.04850802, -0.11430985,  0.12240056, -0.13628492,
        0.0803467 , -0.08945154, -0.01476834,  0.01214794,  0.0459787 ,
       -0.05889207,  0.08123466, -0.00786308,  0.0124529 , -0.02326635,
        0.20586947,  0.03213182, -0.19833058,  0.24441062, -0.04500934,
       -0.15025179,  0.10305666, -0.26127523,  0.07872458,  0.13318911,
       -0.07413246,  0.0910598 , -0.04275755,  0.03006357, -0.20557584,
        0.2589796 ], dtype=float32), 'dt': array([14, 19, 19, 20, 19, 21, 17, 17, 13, 19, 19, 19, 17, 19, 18, 18, 18,
       18, 17, 18, 20, 18, 18, 17, 17, 19, 17, 18, 17, 20, 17, 19, 18, 18,
       18, 17, 20, 18, 17, 18, 18, 18, 19, 17, 19, 17, 17, 19, 18, 18, 18,
       16, 17, 18, 20, 16], dtype=int32), 'latent_action': array([[ 0.7420169 ,  0.77407765],
       [-0.76617867, -0.7547698 ],
       [-0.7869247 , -0.76946867],
       [-0.75116235, -0.73200446],
       [-0.74832726, -0.71023405],
       [-0.75766397, -0.772139  ],
       [ 0.75180304,  0.3348802 ],
       [ 0.73833215,  0.16020921],
       [ 0.76021105,  0.5463543 ],
       [-0.39687058, -0.5931427 ],
       [-0.11459852, -0.73732954],
       [ 0.13039324, -0.74155277],
       [ 0.33209157, -0.7349776 ],
       [ 0.36854893, -0.77764577],
       [-0.0092853 , -0.781675  ],
       [-0.23537606, -0.7509748 ],
       [ 0.37557492, -0.78418255],
       [ 0.17044261, -0.71792877],
       [-0.15989879, -0.78492993],
       [ 0.34613943, -0.7599632 ],
       [ 0.3356045 , -0.79269063],
       [-0.2803653 , -0.79690534],
       [ 0.16646503, -0.7707375 ],
       [-0.11344771, -0.7779113 ],
       [ 0.01767427, -0.7810197 ],
       [ 0.26795924, -0.7598774 ],
       [ 0.06165492, -0.7556638 ],
       [ 0.29781538, -0.7783081 ],
       [ 0.03952422, -0.7562313 ],
       [ 0.3953509 , -0.73123837],
       [ 0.12496432, -0.7752629 ],
       [ 0.35170838, -0.75590605],
       [ 0.18644667, -0.79257476],
       [ 0.13835214, -0.77685356],
       [ 0.12885386, -0.78474617],
       [ 0.26390934, -0.7572262 ],
       [ 0.07452395, -0.7873962 ],
       [ 0.18629262, -0.7724578 ],
       [ 0.08248792, -0.7491362 ],
       [ 0.08439753, -0.7545988 ],
       [-0.09591351, -0.76727486],
       [ 0.24275815, -0.72718406],
       [ 0.40763167, -0.7956058 ],
       [-0.23362324, -0.7373023 ],
       [ 0.2863238 , -0.77559936],
       [ 0.4114922 , -0.78653014],
       [ 0.17692927, -0.8010622 ],
       [ 0.51440054, -0.7396362 ],
       [-0.00524655, -0.76689976],
       [ 0.05373265, -0.7588028 ],
       [ 0.3119267 , -0.73303115],
       [ 0.03652115, -0.7452396 ],
       [ 0.3401884 , -0.75150746],
       [ 0.24318846, -0.7577017 ],
       [ 0.50664467, -0.7471967 ],
       [-0.18416841, -0.786346  ]], dtype=float32), 'hybrid_action': array([[-0.16667442, -0.09552742],
       [ 0.50815535,  0.23732299],
       [ 0.49457395,  0.23664482],
       [ 0.5374835 ,  0.27602282],
       [ 0.49612385,  0.22879505],
       [ 0.39350006,  0.37606376],
       [-0.4209478 ,  0.10189648],
       [-0.3173759 ,  0.07203083],
       [-0.46755338, -0.19126442],
       [ 0.3833933 ,  0.23810112],
       [ 0.21383221,  0.23123156],
       [ 0.12592928,  0.27438855],
       [-0.04762061,  0.13185719],
       [-0.18203907,  0.27201644],
       [ 0.0292429 ,  0.17554627],
       [ 0.25509715,  0.16703138],
       [-0.11465669,  0.20578805],
       [-0.06912762,  0.16023566],
       [ 0.2334955 ,  0.10955057],
       [-0.02659083,  0.18987119],
       [-0.15931839,  0.33523768],
       [ 0.26178768,  0.15175025],
       [-0.08190816,  0.14681593],
       [ 0.11044919,  0.13383648],
       [ 0.11904965,  0.10693233],
       [-0.05886882,  0.2468313 ],
       [ 0.04850802,  0.08175328],
       [-0.11430985,  0.14353152],
       [ 0.12240056,  0.11858471],
       [-0.13628492,  0.3210644 ],
       [ 0.0803467 ,  0.12298064],
       [-0.08945154,  0.22825958],
       [-0.01476834,  0.19496939],
       [ 0.01214794,  0.15750208],
       [ 0.0459787 ,  0.15541768],
       [-0.05889207,  0.07970051],
       [ 0.08123466,  0.29914683],
       [-0.00786308,  0.19749275],
       [ 0.0124529 ,  0.12996708],
       [-0.02326635,  0.15149207],
       [ 0.20586947,  0.1444468 ],
       [ 0.03213182,  0.18971619],
       [-0.19833058,  0.25214425],
       [ 0.24441062,  0.07500559],
       [-0.04500934,  0.24677216],
       [-0.15025179,  0.11234091],
       [ 0.10305666,  0.10336726],
       [-0.26127523,  0.26694986],
       [ 0.07872458,  0.14691772],
       [ 0.13318911,  0.1505158 ],
       [-0.07413246,  0.1927647 ],
       [ 0.0910598 ,  0.05959966],
       [-0.04275755,  0.13730021],
       [ 0.03006357,  0.16683188],
       [-0.20557584,  0.27796355],
       [ 0.2589796 ,  0.04556087]], dtype=float32)}",9.327150135220183,56.10000000000001
3850,792.4933526887107,"{0: [0, 0, 0, 0, 0, 0, 0, 0, 0, 0, 1, 2, 3, 15, 9, 28, 126, 217, 124, 25, 6, 2, 3, 4, 0, 0, 0, 0, 0, 0]}",[792.4933526887107],"{'state': array([[ 0.00000000e+00,  0.00000000e+00,  0.00000000e+00,
         0.00000000e+00,  0.00000000e+00],
       [-6.88457256e-03, -9.99929667e-01,  1.18612833e-02,
        -2.45983437e-01, -3.29725742e-01],
       [ 4.83702868e-02, -9.97014761e-01, -7.72114545e-02,
         7.96264231e-01,  1.17439270e+00],
       [ 2.69272745e-01, -9.34780717e-01, -3.55225235e-01,
         1.64987302e+00,  1.85610509e+00],
       [ 6.07951164e-01, -7.89125562e-01, -6.14231884e-01,
         2.32928467e+00,  1.51534843e+00],
       [ 1.11027265e+00, -6.68051898e-01, -7.44114697e-01,
         2.95898080e+00,  2.78960377e-01],
       [ 1.81759405e+00, -7.33064532e-01, -6.80159092e-01,
         3.60897660e+00, -1.28325701e+00],
       [ 1.83442473e+00, -7.67911434e-01,  6.40556037e-01,
        -6.56382382e-01, -6.70446253e+00],
       [ 1.70695031e+00,  9.98670906e-02,  9.95000780e-01,
        -8.66933405e-01, -4.59492588e+00],
       [ 1.55395293e+00,  5.61246932e-01,  8.27648401e-01,
        -1.34323835e+00, -2.48174715e+00],
       [ 1.38270366e+00,  8.17618847e-01,  5.75759828e-01,
        -4.61245596e-01, -1.48960745e+00],
       [ 1.37126303e+00,  9.28120732e-01,  3.72279286e-01,
         3.30073953e-01, -1.34844947e+00],
       [ 1.48914671e+00,  9.92111266e-01,  1.25360623e-01,
         9.84809399e-01, -1.61637425e+00],
       [ 1.60224581e+00,  9.98301446e-01, -5.82599230e-02,
         4.31847155e-01, -7.56959558e-01],
       [ 1.61990941e+00,  9.92729068e-01, -1.20370023e-01,
        -2.09771320e-01, -4.90671434e-02],
       [ 1.55297911e+00,  9.94129717e-01, -1.08194932e-01,
        -5.77891409e-01,  1.98651403e-01],
       [ 1.41196740e+00,  9.97682333e-01, -6.80440217e-02,
        -7.66048014e-01,  2.06793085e-01],
       [ 1.26792812e+00,  9.98939931e-01, -4.60329056e-02,
        -7.50630260e-01,  3.58985998e-02],
       [ 1.12200010e+00,  9.99429941e-01, -3.37604657e-02,
        -8.71047199e-01,  1.06202900e-01],
       [ 9.31500435e-01,  9.99851048e-01,  1.72583461e-02,
        -1.13532770e+00,  4.55574900e-01],
       [ 7.56531119e-01,  9.99092638e-01,  4.25905250e-02,
        -6.14975095e-01, -1.89122781e-01],
       [ 6.39525771e-01,  9.99668241e-01,  2.57557034e-02,
        -6.84735954e-01, -5.73728746e-03],
       [ 4.83126223e-01,  9.98071909e-01,  6.20677471e-02,
        -8.80073190e-01,  3.87561828e-01],
       [ 3.77460599e-01,  9.96836483e-01,  7.94800073e-02,
        -3.63424927e-01, -1.74453318e-01],
       [ 3.52154702e-01,  9.99992013e-01,  3.99328908e-03,
         8.38489681e-02, -7.00191438e-01],
       [ 3.08168083e-01,  9.99410033e-01, -3.43446843e-02,
        -6.00557864e-01,  2.32302561e-01],
       [ 1.91809312e-01,  9.99886990e-01,  1.50345378e-02,
        -6.93339527e-01,  3.39047253e-01],
       [ 1.03897460e-01,  9.99596000e-01,  2.84223873e-02,
        -2.83748567e-01, -1.84076846e-01],
       [ 3.59162092e-02,  9.99330342e-01,  3.65913473e-02,
        -5.66160798e-01,  2.89545536e-01],
       [-2.59741265e-02,  9.99165058e-01,  4.08551916e-02,
        -1.21607892e-01, -2.40147755e-01],
       [-5.99070191e-02,  9.99748886e-01,  2.24089902e-02,
        -2.55043536e-01,  2.66606044e-02],
       [-1.02630377e-01,  9.99515951e-01,  3.11109256e-02,
        -2.47755110e-01,  7.95178115e-02],
       [-1.32196486e-01,  9.99512374e-01,  3.12246364e-02,
        -8.07620361e-02, -7.81976804e-02],
       [-1.36793524e-01,  9.99964118e-01,  8.46896879e-03,
         3.01569030e-02, -1.85127571e-01],
       [-1.56082094e-01,  9.99907613e-01,  1.35932621e-02,
        -2.57177383e-01,  2.47624546e-01],
       [-1.70202211e-01,  9.99871314e-01,  1.60432551e-02,
         1.00230314e-01, -2.19264567e-01],
       [-1.54343754e-01,  9.99782383e-01, -2.08598543e-02,
         5.92045598e-02, -1.68523923e-01],
       [-1.68409482e-01,  9.99778688e-01, -2.10367721e-02,
        -2.15482682e-01,  1.66469947e-01],
       [-2.18921781e-01,  9.99750793e-01,  2.23227851e-02,
        -3.17171872e-01,  3.10909241e-01],
       [-2.41212443e-01,  9.99380589e-01,  3.51917371e-02,
         6.92185163e-02, -1.61913052e-01],
       [-2.39875719e-01,  9.99574542e-01,  2.91680414e-02,
        -5.42404950e-02,  9.21949819e-02],
       [-2.20413923e-01,  9.99953091e-01,  9.68464371e-03,
         2.70888388e-01, -3.17675173e-01],
       [-2.02075645e-01,  9.99997675e-01, -2.15790560e-03,
        -8.72269422e-02,  1.93225682e-01],
       [-1.98957369e-01,  9.99985695e-01,  5.34891570e-03,
         1.23761699e-01, -1.01654686e-01],
       [-1.80255353e-01,  9.99970615e-01, -7.66607793e-03,
         8.43098536e-02, -4.89169210e-02],
       [-1.70897886e-01,  9.99953151e-01, -9.67757218e-03,
         1.42350383e-02,  2.67692711e-02],
       [-1.71368390e-01,  9.99998689e-01, -1.61890558e-03,
        -1.91254579e-02,  5.79098947e-02],
       [-1.70623943e-01,  9.99995887e-01,  2.86865677e-03,
         2.73028947e-02, -5.99241490e-03],
       [-1.65702701e-01,  9.99997139e-01,  2.38797371e-03,
         2.73876693e-02,  4.31401742e-04],
       [-1.71616867e-01,  9.99808908e-01,  1.95484459e-02,
        -9.34546217e-02,  1.98101193e-01],
       [-1.57794967e-01,  9.99869645e-01,  1.61467213e-02,
         2.47097999e-01, -2.37460747e-01],
       [-1.33620903e-01,  9.99994159e-01,  3.42131755e-03,
         3.75546925e-02,  8.22364837e-02],
       [-1.07966624e-01,  9.99949217e-01, -1.00777224e-02,
         2.64522225e-01, -2.46886402e-01],
       [-7.54072592e-02,  9.99322116e-01, -3.68150175e-02,
         7.88009614e-02, -4.75922041e-02],
       [-1.05576716e-01,  9.99922097e-01,  1.24839693e-02,
        -4.15044725e-01,  6.18129849e-01],
       [-1.17146581e-01,  9.99216974e-01,  3.95661145e-02,
         2.85894662e-01, -3.04506004e-01]], dtype=float32), 'action': array([-1.6557802e-01,  5.3573531e-01,  5.0603992e-01,  4.5557928e-01,
        3.9125726e-01,  4.5224118e-01, -2.1989194e-01, -3.0119744e-01,
       -4.0765110e-01,  5.1518607e-01,  5.1103890e-01,  3.9036834e-01,
       -3.5362780e-01, -4.1901457e-01, -2.3097400e-01, -9.8381586e-02,
        4.4025532e-03, -7.1676388e-02, -1.4386083e-01,  2.7003872e-01,
       -3.7574779e-02, -9.7660840e-02,  3.1777909e-01,  2.5870800e-01,
       -4.1544232e-01, -5.3764351e-02,  2.3575306e-01, -1.7938732e-01,
        2.5695127e-01, -7.4147843e-02,  6.2571620e-03,  9.7664252e-02,
        6.4811371e-02, -1.7320073e-01,  2.0544417e-01, -2.1291472e-02,
       -1.5856498e-01, -5.5086024e-02,  2.2299226e-01, -6.8392120e-02,
        1.8731150e-01, -1.8418671e-01,  1.2785009e-01, -2.2639329e-02,
       -3.8575497e-02, -1.7569846e-02,  2.6598027e-02,  2.3161247e-04,
       -6.8359934e-02,  1.9602230e-01, -1.2617780e-01,  1.3718919e-01,
       -1.0226917e-01, -2.8331292e-01,  4.0272781e-01,  3.5163436e-02],
      dtype=float32), 'dt': array([14, 20, 18, 17, 19, 21, 24, 17, 14, 19, 17, 18, 16, 16, 17, 21, 19,
       18, 19, 20, 18, 20, 17, 18, 17, 18, 18, 16, 18, 18, 17, 18, 18, 17,
       18, 20, 18, 19, 18, 18, 18, 20, 17, 18, 19, 20, 18, 18, 18, 18, 17,
       17, 19, 18, 18, 19], dtype=int32), 'latent_action': array([[ 0.7431518 ,  0.7921387 ],
       [-0.76437104, -0.74686754],
       [-0.7658192 , -0.7715328 ],
       [-0.7657245 , -0.7347232 ],
       [-0.7884293 , -0.7899716 ],
       [-0.7814352 , -0.7619455 ],
       [ 0.72081804, -0.79172707],
       [ 0.77174073,  0.11647058],
       [ 0.741544  ,  0.58729154],
       [-0.7487013 , -0.76600164],
       [-0.75978243, -0.73839927],
       [-0.4426828 , -0.65677595],
       [ 0.7684556 ,  0.20004125],
       [ 0.7864841 ,  0.2997668 ],
       [ 0.59062815, -0.32004082],
       [ 0.38287145, -0.7039331 ],
       [ 0.10301089, -0.73003334],
       [ 0.30772555, -0.7702559 ],
       [ 0.30032185, -0.7609581 ],
       [-0.23812975, -0.7722802 ],
       [ 0.2623604 , -0.7653357 ],
       [ 0.18740977, -0.7401747 ],
       [-0.4018658 , -0.76714134],
       [-0.03007031, -0.7860419 ],
       [ 0.754516  ,  0.33042672],
       [ 0.21439862, -0.7404423 ],
       [-0.14361235, -0.77568394],
       [ 0.34789875, -0.7359539 ],
       [-0.24686737, -0.77685493],
       [ 0.27419466, -0.771389  ],
       [ 0.10315456, -0.72824895],
       [ 0.02509546, -0.74957836],
       [ 0.11045165, -0.7250502 ],
       [ 0.43718845, -0.755324  ],
       [-0.17464915, -0.75082314],
       [ 0.30284363, -0.7964843 ],
       [ 0.49810857, -0.7615356 ],
       [ 0.1886893 , -0.7598156 ],
       [-0.24087568, -0.7278045 ],
       [ 0.23826629, -0.7592251 ],
       [-0.08718647, -0.76556337],
       [ 0.50295913, -0.75031924],
       [-0.05330735, -0.7430188 ],
       [ 0.28690135, -0.7559905 ],
       [ 0.25054708, -0.78389484],
       [ 0.26749563, -0.74682117],
       [ 0.0905986 , -0.7742646 ],
       [ 0.09566706, -0.75067425],
       [ 0.21669412, -0.76055133],
       [-0.18495686, -0.7614968 ],
       [ 0.27171895, -0.7854217 ],
       [-0.00377223, -0.79392385],
       [ 0.47326463, -0.7750584 ],
       [ 0.5072743 , -0.79044646],
       [-0.67557013, -0.7602848 ],
       [ 0.2098665 , -0.7744584 ]], dtype=float32), 'hybrid_action': array([[-1.65578023e-01, -1.02669284e-01],
       [ 5.35735309e-01,  3.14377040e-01],
       [ 5.06039917e-01,  2.01159433e-01],
       [ 4.55579281e-01,  8.43790621e-02],
       [ 3.91257256e-01,  2.16591686e-01],
       [ 4.52241182e-01,  3.81426245e-01],
       [-2.19891936e-01,  5.72149992e-01],
       [-3.01197439e-01,  8.97664651e-02],
       [-4.07651097e-01, -1.13860734e-01],
       [ 5.15186071e-01,  2.39917681e-01],
       [ 5.11038899e-01,  9.38279778e-02],
       [ 3.90368342e-01,  1.58119738e-01],
       [-3.53627801e-01,  1.31910630e-02],
       [-4.19014573e-01,  6.66883290e-02],
       [-2.30974004e-01,  1.09565847e-01],
       [-9.83815864e-02,  3.53048086e-01],
       [ 4.40255320e-03,  2.22984776e-01],
       [-7.16763884e-02,  2.03730360e-01],
       [-1.43860832e-01,  2.06991673e-01],
       [ 2.70038724e-01,  3.01483244e-01],
       [-3.75747792e-02,  2.05493942e-01],
       [-9.76608396e-02,  2.88372219e-01],
       [ 3.17779094e-01,  9.26544294e-02],
       [ 2.58708000e-01,  1.73319370e-01],
       [-4.15442318e-01,  1.33658543e-01],
       [-5.37643507e-02,  1.53894246e-01],
       [ 2.35753059e-01,  2.04342932e-01],
       [-1.79387316e-01,  5.57270572e-02],
       [ 2.56951272e-01,  1.46081030e-01],
       [-7.41478428e-02,  1.63507193e-01],
       [ 6.25716196e-03,  1.32456347e-01],
       [ 9.76642519e-02,  1.51041165e-01],
       [ 6.48113713e-02,  1.54021367e-01],
       [-1.73200727e-01,  1.26623616e-01],
       [ 2.05444172e-01,  1.71694130e-01],
       [-2.12914720e-02,  3.15222919e-01],
       [-1.58564985e-01,  1.44763157e-01],
       [-5.50860241e-02,  2.13797823e-01],
       [ 2.22992256e-01,  1.60004675e-01],
       [-6.83921203e-02,  1.59327418e-01],
       [ 1.87311500e-01,  1.83423534e-01],
       [-1.84186712e-01,  2.86130726e-01],
       [ 1.27850085e-01,  1.36740953e-01],
       [-2.26393286e-02,  1.43606409e-01],
       [-3.85754965e-02,  2.10849196e-01],
       [-1.75698455e-02,  2.80026227e-01],
       [ 2.65980270e-02,  1.47050947e-01],
       [ 2.31612474e-04,  1.94644794e-01],
       [-6.83599338e-02,  1.62697360e-01],
       [ 1.96022302e-01,  1.88839927e-01],
       [-1.26177803e-01,  1.05073489e-01],
       [ 1.37189195e-01,  8.65273252e-02],
       [-1.02269173e-01,  2.48971760e-01],
       [-2.83312917e-01,  2.05024198e-01],
       [ 4.02727813e-01,  1.47829488e-01],
       [ 3.51634361e-02,  2.53009617e-01]], dtype=float32)}",13.113486480287367,56.50000000000001
3900,796.3242726588492,"{0: [0, 0, 0, 0, 0, 0, 0, 0, 0, 0, 0, 0, 3, 9, 15, 27, 107, 203, 139, 38, 6, 5, 5, 0, 0, 0, 0, 0, 0, 0]}",[796.3242726588492],"{'state': array([[ 0.00000000e+00,  0.00000000e+00,  0.00000000e+00,
         0.00000000e+00,  0.00000000e+00],
       [-4.60690670e-02, -9.99645233e-01,  2.66354922e-02,
        -3.02189082e-01, -4.05165613e-01],
       [-2.21627988e-02, -9.99692976e-01, -2.47773472e-02,
         5.40030837e-01,  8.92845392e-01],
       [ 1.52604505e-01, -9.62052882e-01, -2.72862971e-01,
         1.39479220e+00,  1.77682757e+00],
       [ 4.55926895e-01, -8.30235243e-01, -5.57413161e-01,
         2.16625381e+00,  1.77601361e+00],
       [ 9.54100907e-01, -6.52090251e-01, -7.58141339e-01,
         3.07603264e+00,  9.23797965e-01],
       [ 1.67783165e+00, -6.38481617e-01, -7.69637108e-01,
         3.81691694e+00, -7.62102544e-01],
       [ 1.86159778e+00, -9.80773687e-01,  1.95148632e-01,
        -6.21129334e-01, -7.00416327e+00],
       [ 1.74396253e+00, -3.65217596e-01,  9.30922210e-01,
        -9.12997305e-01, -5.98356581e+00],
       [ 1.57498753e+00,  3.94221544e-01,  9.19015408e-01,
        -1.23894775e+00, -3.70191193e+00],
       [ 1.42116773e+00,  7.51503706e-01,  6.59728885e-01,
        -8.22359204e-01, -2.35473442e+00],
       [ 1.30454767e+00,  9.39850271e-01,  3.41586709e-01,
        -3.42258185e-01, -1.53943324e+00],
       [ 1.25465310e+00,  9.93302584e-01,  1.15542091e-01,
        -2.08565548e-01, -1.15082979e+00],
       [ 1.14614308e+00,  1.00000000e+00,  1.68242725e-04,
        -8.74151766e-01, -6.28322363e-02],
       [ 9.95837152e-01,  9.99742091e-01, -2.27099769e-02,
        -7.95440316e-01, -2.01857239e-01],
       [ 7.82178164e-01,  9.99951363e-01,  9.86485276e-03,
        -1.34189761e+00,  5.44215500e-01],
       [ 5.72879255e-01,  9.99129474e-01,  4.17174771e-02,
        -7.51856863e-01, -2.09207222e-01],
       [ 4.20277297e-01,  9.99696374e-01,  2.46404111e-02,
        -8.54107261e-01,  2.11188141e-02],
       [ 2.74042308e-01,  9.99375284e-01,  3.53423581e-02,
        -8.66513968e-01,  1.09472401e-01],
       [ 1.27067208e-01,  9.98675048e-01,  5.14605865e-02,
        -7.66880214e-01,  7.71887824e-02],
       [ 4.16326104e-03,  9.97869492e-01,  6.52421266e-02,
        -6.79320812e-01,  9.12070423e-02],
       [-1.09760344e-01,  9.96295571e-01,  8.59949440e-02,
        -5.86927831e-01,  1.49579018e-01],
       [-1.73461303e-01,  9.97382045e-01,  7.23123029e-02,
        -1.20565690e-01, -3.08490992e-01],
       [-1.93027884e-01,  9.99734342e-01,  2.30488684e-02,
        -8.43277574e-02, -2.34503821e-01],
       [-2.31512457e-01,  9.99828398e-01,  1.85251199e-02,
        -3.43181878e-01,  1.82158232e-01],
       [-2.76687562e-01,  9.99450684e-01,  3.31405960e-02,
        -1.59072906e-01, -1.29921092e-02],
       [-3.08829904e-01,  9.98880982e-01,  4.72947471e-02,
        -2.42963672e-01,  1.95815176e-01],
       [-3.24770302e-01,  9.98502791e-01,  5.47011457e-02,
         5.52756451e-02, -1.05322167e-01],
       [-3.10537219e-01,  9.99160171e-01,  4.09756079e-02,
         1.03153951e-01, -5.36484383e-02],
       [-2.77520597e-01,  9.99828815e-01,  1.85015071e-02,
         2.64165521e-01, -2.06495568e-01],
       [-2.38320380e-01,  9.99979138e-01, -6.45485474e-03,
         1.97504103e-01, -9.79195014e-02],
       [-1.95167348e-01,  9.99313593e-01, -3.70446816e-02,
         2.57404566e-01, -2.38919720e-01],
       [-1.86692730e-01,  9.99395967e-01, -3.47513035e-02,
        -1.68243259e-01,  2.64184177e-01],
       [-2.02973247e-01,  9.99913633e-01, -1.31409764e-02,
        -1.30984085e-02, -1.41226957e-02],
       [-2.14198485e-01,  9.99984503e-01, -5.57050994e-03,
        -1.11782849e-01,  1.01708621e-01],
       [-2.25813076e-01,  1.00000000e+00, -1.02184866e-04,
        -1.73832085e-02, -3.84437069e-02],
       [-2.41704166e-01,  9.99930084e-01,  1.18238013e-02,
        -1.59430072e-01,  1.76411852e-01],
       [-2.50604570e-01,  9.99822617e-01,  1.88347083e-02,
         6.03867918e-02, -9.52808708e-02],
       [-2.48352915e-01,  9.99838173e-01,  1.79912113e-02,
        -3.53497118e-02,  8.55190083e-02],
       [-2.29880974e-01,  9.99997854e-01,  2.05895538e-03,
         2.30138451e-01, -2.60938317e-01],
       [-2.08775356e-01,  9.99859154e-01, -1.67822689e-02,
        -7.55558116e-03,  5.34862690e-02],
       [-2.41519332e-01,  9.99304414e-01,  3.72924544e-02,
        -3.57370645e-01,  5.72149336e-01],
       [-2.30422616e-01,  9.98979330e-01,  4.51697484e-02,
         4.73980397e-01, -4.85240191e-01],
       [-1.49985030e-01,  9.99600887e-01, -2.82493997e-02,
         3.74322772e-01, -3.23202938e-01],
       [-1.09613150e-01,  9.98496056e-01, -5.48239648e-02,
         3.00280470e-02,  4.36035879e-02],
       [-1.23120457e-01,  9.99508798e-01, -3.13396938e-02,
        -1.72727987e-01,  2.15225741e-01],
       [-1.37572601e-01,  9.99748588e-01, -2.24214774e-02,
         1.19627407e-02, -1.12023778e-01],
       [-1.69654593e-01,  9.99999642e-01, -8.69060226e-04,
        -3.33277971e-01,  3.38533223e-01],
       [-2.09330648e-01,  9.99429464e-01,  3.37752327e-02,
        -1.08294867e-01,  6.23804033e-02],
       [-2.02809468e-01,  9.99893010e-01,  1.46295698e-02,
         1.85392514e-01, -2.96015769e-01],
       [-1.97813496e-01,  9.99992669e-01,  3.83604318e-03,
        -1.29653841e-01,  1.71139121e-01],
       [-2.07165554e-01,  9.99862552e-01,  1.65782347e-02,
         1.93761252e-02, -1.56981833e-02],
       [-2.09460035e-01,  9.99668479e-01,  2.57474259e-02,
        -4.65484522e-02,  1.27557874e-01],
       [-2.04505429e-01,  9.99334753e-01,  3.64700854e-02,
         1.01372831e-01, -3.43248202e-03],
       [-1.74990147e-01,  9.99685347e-01,  2.50848737e-02,
         2.46089146e-01, -1.35513932e-01]], dtype=float32), 'action': array([-0.20473275,  0.43078712,  0.49971297,  0.5061789 ,  0.5497954 ,
        0.41418287, -0.2976647 , -0.37021562, -0.33803988,  0.29510635,
        0.2720953 ,  0.09012371, -0.33909228,  0.04419931, -0.28195506,
        0.30563974, -0.05318151, -0.0054741 ,  0.05994877,  0.05702954,
        0.05804217,  0.27229506,  0.02290212, -0.14662798,  0.10707872,
       -0.05116679,  0.1841278 ,  0.03069517,  0.09415911, -0.0399299 ,
        0.0309843 , -0.2331944 ,  0.08707994, -0.05709282,  0.05379236,
       -0.08084296,  0.12678385, -0.05348365,  0.14459161, -0.12933266,
       -0.1993885 ,  0.45350888, -0.05342086, -0.1801867 , -0.11287331,
        0.10377599, -0.1786272 ,  0.12980676,  0.17949584, -0.17955133,
        0.09093329, -0.03844565,  0.08676033,  0.08976509,  0.15772365],
      dtype=float32), 'dt': array([15, 20, 18, 17, 19, 21, 22, 15, 16, 15, 20, 18, 20, 18, 20, 20, 19,
       17, 18, 17, 18, 18, 19, 18, 18, 16, 17, 18, 18, 17, 19, 19, 18, 18,
       18, 18, 18, 18, 19, 19, 18, 19, 19, 20, 19, 18, 20, 18, 17, 18, 17,
       17, 18, 17, 19], dtype=int32), 'latent_action': array([[ 7.59571433e-01,  7.45197058e-01],
       [-7.58531451e-01, -7.10620105e-01],
       [-7.52035201e-01, -7.76620388e-01],
       [-7.41411507e-01, -7.33607411e-01],
       [-7.64927149e-01, -7.50233889e-01],
       [-7.66878605e-01, -7.96073139e-01],
       [ 7.87182212e-01, -7.68368840e-01],
       [ 7.46463478e-01,  4.20605659e-01],
       [ 7.31806815e-01,  1.63590401e-01],
       [-2.66397595e-01, -1.26042306e-01],
       [-1.08339094e-01, -7.77553141e-01],
       [ 3.11599761e-01, -7.74148643e-01],
       [ 7.40064740e-01, -6.99719489e-01],
       [ 3.12141538e-01, -7.67739654e-01],
       [ 5.71101606e-01, -7.67557383e-01],
       [-2.91312337e-01, -7.75032759e-01],
       [ 2.60803074e-01, -7.66380608e-01],
       [ 1.34210542e-01, -7.49064445e-01],
       [ 1.73668280e-01, -7.92268276e-01],
       [-2.37343106e-02, -7.84504950e-01],
       [ 3.52916643e-02, -7.54094720e-01],
       [-3.57547611e-01, -7.94568896e-01],
       [ 2.41854146e-01, -7.63919950e-01],
       [ 4.38478827e-01, -7.43075728e-01],
       [-9.30554233e-05, -7.60425866e-01],
       [ 1.75817490e-01, -7.50914931e-01],
       [-1.71015754e-01, -7.91598260e-01],
       [ 5.88886701e-02, -7.60884583e-01],
       [-1.66018214e-02, -7.54132748e-01],
       [ 2.17058152e-01, -7.63163686e-01],
       [ 2.36173734e-01, -7.92715728e-01],
       [ 5.12724936e-01, -7.52672076e-01],
       [ 8.03791806e-02, -7.37521291e-01],
       [ 2.77885765e-01, -7.85464585e-01],
       [ 1.24413699e-01, -7.71299779e-01],
       [ 3.06983262e-01, -7.76890635e-01],
       [-3.45275924e-02, -7.65184700e-01],
       [ 3.26917380e-01, -7.54550278e-01],
       [-3.28734741e-02, -7.84282148e-01],
       [ 4.40150440e-01, -7.81424344e-01],
       [ 2.77079791e-01, -7.88333476e-01],
       [-7.43495464e-01, -7.43249416e-01],
       [ 3.59693915e-01, -7.92999029e-01],
       [ 5.81085086e-01, -7.55508244e-01],
       [ 3.74011368e-01, -7.55280495e-01],
       [ 1.24394625e-01, -7.90818393e-01],
       [ 4.18695599e-01, -7.60525763e-01],
       [-2.34945655e-01, -7.58964002e-01],
       [-7.59373233e-02, -8.14991176e-01],
       [ 4.84395087e-01, -7.50977993e-01],
       [-6.56904951e-02, -7.60043442e-01],
       [ 2.31328562e-01, -7.29268789e-01],
       [-7.82537311e-02, -7.85747170e-01],
       [ 5.16380481e-02, -7.83668399e-01],
       [ 3.12994905e-02, -7.92056203e-01]], dtype=float32), 'hybrid_action': array([[-0.20473275, -0.06518306],
       [ 0.43078712,  0.28088534],
       [ 0.49971297,  0.16511156],
       [ 0.5061789 ,  0.08249966],
       [ 0.5497954 ,  0.20960757],
       [ 0.41418287,  0.40033996],
       [-0.2976647 ,  0.4713166 ],
       [-0.37021562, -0.01852549],
       [-0.33803988,  0.04567537],
       [ 0.29510635, -0.00236924],
       [ 0.2720953 ,  0.3088757 ],
       [ 0.09012371,  0.16713361],
       [-0.33909228,  0.2896072 ],
       [ 0.04419931,  0.17975296],
       [-0.28195506,  0.29578808],
       [ 0.30563974,  0.3311434 ],
       [-0.05318151,  0.26449272],
       [-0.0054741 ,  0.11327578],
       [ 0.05994877,  0.20468578],
       [ 0.05702954,  0.07832657],
       [ 0.05804217,  0.142773  ],
       [ 0.27229506,  0.14614461],
       [ 0.02290212,  0.21856526],
       [-0.14662798,  0.20568183],
       [ 0.10707872,  0.14489499],
       [-0.05116679,  0.02896013],
       [ 0.1841278 ,  0.12879919],
       [ 0.03069517,  0.144455  ],
       [ 0.09415911,  0.16310255],
       [-0.0399299 ,  0.12426635],
       [ 0.0309843 ,  0.22729401],
       [-0.2331944 ,  0.21544187],
       [ 0.08707994,  0.18900216],
       [-0.05709282,  0.18114814],
       [ 0.05379236,  0.15055011],
       [-0.08084296,  0.14751804],
       [ 0.12678385,  0.16381931],
       [-0.05348365,  0.17925754],
       [ 0.14459161,  0.21686645],
       [-0.12933266,  0.264913  ],
       [-0.1993885 ,  0.1677128 ],
       [ 0.45350888,  0.21512496],
       [-0.05342086,  0.24240613],
       [-0.1801867 ,  0.294737  ],
       [-0.11287331,  0.27489054],
       [ 0.10377599,  0.18401536],
       [-0.1786272 ,  0.312908  ],
       [ 0.12980676,  0.14700118],
       [ 0.17949584,  0.11958496],
       [-0.17955133,  0.16287048],
       [ 0.09093329,  0.07997068],
       [-0.03844565,  0.09752464],
       [ 0.08676033,  0.15789455],
       [ 0.08976509,  0.07394776],
       [ 0.15772365,  0.23726018]], dtype=float32)}",9.743474814379303,55.7
3950,800.5192215377577,"{0: [0, 0, 0, 0, 0, 0, 0, 0, 0, 0, 0, 0, 2, 7, 17, 30, 113, 210, 126, 36, 9, 5, 3, 1, 0, 0, 0, 0, 0, 0]}",[800.5192215377577],"{'state': array([[ 0.00000000e+00,  0.00000000e+00,  0.00000000e+00,
         0.00000000e+00,  0.00000000e+00],
       [-2.03347653e-02, -9.99679148e-01,  2.53308266e-02,
        -2.50561446e-01, -3.67019475e-01],
       [ 1.12871090e-02, -9.99604881e-01, -2.81091519e-02,
         5.82213223e-01,  9.03427005e-01],
       [ 2.09110692e-01, -9.55406785e-01, -2.95292914e-01,
         1.49202347e+00,  1.81190789e+00],
       [ 5.72466075e-01, -7.98528969e-01, -6.01956367e-01,
         2.32453561e+00,  1.64806545e+00],
       [ 1.08273327e+00, -6.52546644e-01, -7.57748604e-01,
         3.04699779e+00,  5.06818831e-01],
       [ 1.82725370e+00, -7.12991953e-01, -7.01172173e-01,
         3.00395989e+00, -1.96465325e+00],
       [ 1.83674479e+00, -8.56156886e-01,  5.16716003e-01,
        -6.81084335e-01, -6.86623287e+00],
       [ 1.71214736e+00, -9.74028483e-02,  9.95245039e-01,
        -9.80889738e-01, -5.30511141e+00],
       [ 1.53367817e+00,  5.08119166e-01,  8.61286759e-01,
        -1.43230438e+00, -3.07687426e+00],
       [ 1.34559333e+00,  8.27368736e-01,  5.61659157e-01,
        -6.62118912e-01, -2.01241589e+00],
       [ 1.25231349e+00,  9.62462068e-01,  2.71416277e-01,
        -2.67519325e-01, -1.35804915e+00],
       [ 1.18915200e+00,  9.96273041e-01,  8.62556770e-02,
        -3.94216716e-01, -7.13279426e-01],
       [ 1.07346988e+00,  9.99330282e-01,  3.65919881e-02,
        -8.90186071e-01,  1.38047934e-01],
       [ 9.16781962e-01,  9.98429716e-01,  5.60184643e-02,
        -7.59590387e-01,  7.60766715e-02],
       [ 8.12633514e-01,  9.99391854e-01,  3.48701552e-02,
        -3.97167087e-01, -3.21085364e-01],
       [ 7.27339447e-01,  9.99998152e-01,  1.93286024e-03,
        -5.49863815e-01, -6.00174814e-02],
       [ 6.23540819e-01,  9.99939620e-01, -1.09894946e-02,
        -5.42469740e-01, -8.22480023e-02],
       [ 5.06079435e-01,  9.99999881e-01,  5.26628515e-04,
        -7.62893856e-01,  2.15479940e-01],
       [ 3.40612084e-01,  9.97702181e-01,  6.77523315e-02,
        -8.93296242e-01,  4.91313815e-01],
       [ 2.61785686e-01,  9.98470962e-01,  5.52787259e-02,
         1.77231934e-02, -6.36096776e-01],
       [ 2.29823351e-01,  9.99998987e-01, -1.43336446e-03,
        -3.71711791e-01, -2.01588087e-02],
       [ 1.38744965e-01,  9.99680758e-01,  2.52653342e-02,
        -5.87586582e-01,  3.14092934e-01],
       [ 7.00414628e-02,  9.99504328e-01,  3.14815789e-02,
        -1.35754958e-01, -2.45592922e-01],
       [ 3.28962207e-02,  9.99978483e-01,  6.55738916e-03,
        -2.54702657e-01, -2.88402420e-02],
       [-1.90681070e-02,  9.99969363e-01,  7.82429054e-03,
        -2.92317480e-01,  4.27869558e-02],
       [-6.60505593e-02,  9.99955297e-01,  9.45492648e-03,
        -2.29744658e-01, -2.39198525e-02],
       [-1.11426078e-01,  9.99912679e-01,  1.32132024e-02,
        -2.74505168e-01,  6.74000457e-02],
       [-1.43472835e-01,  9.99995232e-01,  3.08295502e-03,
        -8.13612342e-02, -1.84601530e-01],
       [-2.10949749e-01,  9.98977065e-01,  4.52194512e-02,
        -6.29809737e-01,  6.48505867e-01],
       [-2.40671232e-01,  9.98479486e-01,  5.51241115e-02,
         2.99331009e-01, -5.33597827e-01],
       [-1.98329061e-01,  9.99836326e-01, -1.80905219e-02,
         1.47956401e-01, -2.72657335e-01],
       [-2.20321029e-01,  9.99996006e-01, -2.82765087e-03,
        -3.79781783e-01,  4.40723538e-01],
       [-2.55103201e-01,  9.99499083e-01,  3.16472501e-02,
        -3.01092714e-02, -2.00861990e-02],
       [-2.67528117e-01,  9.98948574e-01,  4.58443128e-02,
        -1.16340384e-01,  1.93363026e-01],
       [-2.35349208e-01,  9.99924958e-01,  1.22497436e-02,
         4.95593131e-01, -6.03513539e-01],
       [-1.98328570e-01,  9.99759376e-01, -2.19368637e-02,
        -1.05138108e-01,  2.27045089e-01],
       [-2.17722595e-01,  9.99845505e-01,  1.75775625e-02,
        -1.11170322e-01,  2.30119929e-01],
       [-2.12100342e-01,  9.99620676e-01,  2.75398903e-02,
         1.73425749e-01, -1.14810370e-01],
       [-1.76276505e-01,  9.99995649e-01,  2.95731658e-03,
         2.48513773e-01, -1.85081229e-01],
       [-1.50463134e-01,  9.99993920e-01, -3.49550880e-03,
         3.84389162e-02,  1.10422865e-01],
       [-1.41497836e-01,  9.99946296e-01,  1.03619471e-02,
         7.33702332e-02,  6.84477240e-02],
       [-1.18852571e-01,  9.99953628e-01,  9.63129010e-03,
         1.93057343e-01, -7.73579553e-02],
       [-8.89507905e-02,  9.99997914e-01,  2.04333547e-03,
         1.58877939e-01, -1.51979188e-02],
       [-4.32870463e-02,  9.99592423e-01, -2.85473894e-02,
         3.78935575e-01, -3.57947469e-01],
       [-1.58352759e-02,  9.99105990e-01, -4.22749557e-02,
        -8.96517038e-02,  2.06640974e-01],
       [-2.23043449e-02,  9.99633610e-01, -2.70674322e-02,
         1.74591411e-02, -3.06186732e-02],
       [-5.03607653e-02,  9.99963522e-01,  8.54274258e-03,
        -3.48233759e-01,  4.65051383e-01],
       [-5.95009290e-02,  9.99816120e-01,  1.91766880e-02,
         2.40480825e-01, -3.35281760e-01],
       [-3.75411287e-02,  9.99962091e-01, -8.70948378e-03,
        -8.71162023e-03,  2.82663573e-02],
       [-4.41759825e-02,  9.99997199e-01,  2.37363647e-03,
        -6.95626661e-02,  1.06920250e-01],
       [-4.16003577e-02,  9.99999702e-01,  7.47262384e-04,
         9.82120931e-02, -1.25731945e-01],
       [-3.85672785e-02,  9.99999166e-01, -1.27047778e-03,
        -6.24868907e-02,  1.01116829e-01],
       [-2.25594267e-02,  9.99726057e-01, -2.34045144e-02,
         2.40803838e-01, -3.57181132e-01],
       [-4.46805395e-02,  9.99999404e-01, -1.06639031e-03,
        -4.62528616e-01,  5.91999590e-01],
       [-7.75405690e-02,  9.99311566e-01,  3.70992124e-02,
         7.51670301e-02, -1.26225531e-01]], dtype=float32), 'action': array([-0.192615  ,  0.4487207 ,  0.50499386,  0.49299943,  0.44433093,
        0.37752253, -0.29194728, -0.3986268 , -0.40043533,  0.46779472,
        0.22595492, -0.0576717 , -0.27955294,  0.07393526,  0.21042842,
       -0.08609188,  0.00366857, -0.12646617, -0.06489506,  0.5254536 ,
       -0.22091456, -0.11621063,  0.2468459 , -0.06317341, -0.01990579,
        0.03637299, -0.02482978,  0.11102365, -0.29563418,  0.53500473,
       -0.08078011, -0.28676647,  0.21269558, -0.04952861,  0.3725362 ,
       -0.32592785, -0.0036058 ,  0.16434218,  0.04652886, -0.1201635 ,
        0.02270627,  0.07316307, -0.02027916,  0.13232708, -0.25643125,
        0.05886973, -0.22205538,  0.35739338, -0.13469812, -0.03706278,
        0.09606718, -0.09730878,  0.172621  , -0.36311132,  0.32678935,
        0.16112854], dtype=float32), 'dt': array([14, 19, 19, 19, 19, 22, 22, 15, 15, 18, 20, 19, 18, 19, 18, 18, 19,
       18, 20, 18, 18, 19, 19, 19, 19, 18, 18, 18, 19, 18, 19, 19, 17, 17,
       17, 19, 18, 18, 17, 18, 16, 17, 17, 17, 19, 18, 17, 17, 19, 17, 18,
       17, 18, 20, 17, 17], dtype=int32), 'latent_action': array([[ 0.7646266 ,  0.77268946],
       [-0.76021767, -0.7251229 ],
       [-0.77140516, -0.7798699 ],
       [-0.7667323 , -0.75722635],
       [-0.70034844, -0.754431  ],
       [-0.72604996, -0.7750084 ],
       [ 0.7671467 , -0.5129172 ],
       [ 0.7609197 ,  0.3379708 ],
       [ 0.7899637 ,  0.43620408],
       [-0.63714767, -0.75730646],
       [-0.12973224, -0.7764011 ],
       [ 0.30712375, -0.7430485 ],
       [ 0.49461758, -0.74238646],
       [-0.03075873, -0.76257056],
       [-0.22399357, -0.78613377],
       [ 0.3643151 , -0.7730035 ],
       [ 0.3102106 , -0.77156013],
       [ 0.31796753, -0.7702169 ],
       [ 0.19936429, -0.8037725 ],
       [-0.59614205, -0.74354845],
       [ 0.55405796, -0.76595485],
       [ 0.24833947, -0.78343165],
       [-0.18839434, -0.7414455 ],
       [ 0.3611407 , -0.7417207 ],
       [ 0.23969969, -0.7738549 ],
       [ 0.15129957, -0.7791168 ],
       [ 0.27200407, -0.77366143],
       [ 0.08221117, -0.7562909 ],
       [ 0.48259124, -0.7558657 ],
       [-0.7400296 , -0.76343656],
       [ 0.48620334, -0.7789667 ],
       [ 0.6082765 , -0.76193976],
       [-0.2398046 , -0.7395972 ],
       [ 0.19354911, -0.75836533],
       [-0.29067525, -0.7446661 ],
       [ 0.681232  , -0.72510874],
       [ 0.185142  , -0.7392301 ],
       [-0.11532787, -0.74362886],
       [ 0.15047652, -0.72875875],
       [ 0.375591  , -0.7792223 ],
       [ 0.03821827, -0.76584387],
       [ 0.07794081, -0.7382378 ],
       [ 0.13772053, -0.74347836],
       [ 0.07035827, -0.75966597],
       [ 0.5902003 , -0.75172913],
       [ 0.16426678, -0.7582943 ],
       [ 0.4279147 , -0.75497043],
       [-0.40133575, -0.78161365],
       [ 0.35420933, -0.7436142 ],
       [ 0.12288249, -0.73875844],
       [ 0.08008043, -0.7808709 ],
       [ 0.31613132, -0.7555698 ],
       [ 0.03167942, -0.78009075],
       [ 0.6729046 , -0.7729536 ],
       [-0.45171696, -0.77197754],
       [ 0.06848422, -0.7681598 ]], dtype=float32), 'hybrid_action': array([[-0.192615  , -0.10391268],
       [ 0.4487207 ,  0.23821506],
       [ 0.50499386,  0.22020128],
       [ 0.49299943,  0.22257467],
       [ 0.44433093,  0.24065998],
       [ 0.37752253,  0.43791205],
       [-0.29194728,  0.44749707],
       [-0.3986268 , -0.00922587],
       [-0.40043533, -0.02599512],
       [ 0.46779472,  0.15275751],
       [ 0.22595492,  0.28424054],
       [-0.0576717 ,  0.2517443 ],
       [-0.27955294,  0.20621213],
       [ 0.07393526,  0.25189847],
       [ 0.21042842,  0.18091819],
       [-0.08609188,  0.18676575],
       [ 0.00366857,  0.263907  ],
       [-0.12646617,  0.18161643],
       [-0.06489506,  0.31597933],
       [ 0.5254536 ,  0.19433986],
       [-0.22091456,  0.16034997],
       [-0.11621063,  0.25335786],
       [ 0.2468459 ,  0.21072951],
       [-0.06317341,  0.22436056],
       [-0.01990579,  0.2580698 ],
       [ 0.03637299,  0.18408358],
       [-0.02482978,  0.14154059],
       [ 0.11102365,  0.16936056],
       [-0.29563418,  0.27249625],
       [ 0.53500473,  0.16088083],
       [-0.08078011,  0.26538453],
       [-0.28676647,  0.21515188],
       [ 0.21269558,  0.09761575],
       [-0.04952861,  0.13588144],
       [ 0.3725362 ,  0.09806812],
       [-0.32592785,  0.26761848],
       [-0.0036058 ,  0.2063464 ],
       [ 0.16434218,  0.15772353],
       [ 0.04652886,  0.09399438],
       [-0.1201635 ,  0.17454842],
       [ 0.02270627,  0.06785958],
       [ 0.07316307,  0.12201136],
       [-0.02027916,  0.13758609],
       [ 0.13232708,  0.11285166],
       [-0.25643125,  0.22612633],
       [ 0.05886973,  0.17090498],
       [-0.22205538,  0.10968638],
       [ 0.35739338,  0.10233025],
       [-0.13469812,  0.2387715 ],
       [-0.03706278,  0.076634  ],
       [ 0.09606718,  0.16275299],
       [-0.09730878,  0.13283087],
       [ 0.172621  ,  0.16037856],
       [-0.36311132,  0.28817108],
       [ 0.32678935,  0.12637383],
       [ 0.16112854,  0.09093511]], dtype=float32)}",9.217590508153718,55.900000000000006
4000,797.0384616527703,"{0: [0, 0, 0, 0, 0, 0, 0, 0, 0, 0, 0, 0, 5, 9, 14, 31, 117, 214, 117, 36, 7, 3, 6, 1, 0, 0, 0, 0, 0, 0]}",[797.0384616527703],"{'state': array([[ 0.00000000e+00,  0.00000000e+00,  0.00000000e+00,
         0.00000000e+00,  0.00000000e+00],
       [-3.07527930e-02, -9.98749137e-01,  5.00020906e-02,
        -3.30986202e-01, -4.49049890e-01],
       [ 8.07507371e-04, -9.99864519e-01, -1.64611675e-02,
         6.61755741e-01,  1.11679614e+00],
       [ 1.96746141e-01, -9.53534365e-01, -3.01284254e-01,
         1.50698578e+00,  1.95537126e+00],
       [ 5.38510680e-01, -7.92353868e-01, -6.10061765e-01,
         2.28254700e+00,  1.75912941e+00],
       [ 1.00786901e+00, -6.38944149e-01, -7.69253135e-01,
         2.93320131e+00,  6.09713256e-01],
       [ 1.69854283e+00, -6.76165402e-01, -7.36749828e-01,
         3.64388490e+00, -1.05833793e+00],
       [ 1.85586584e+00, -9.50742364e-01,  3.09982270e-01,
        -6.48686469e-01, -7.13534355e+00],
       [ 1.74808621e+00, -3.13184410e-01,  9.49692309e-01,
        -8.69044542e-01, -5.97533751e+00],
       [ 1.58927393e+00,  4.07638609e-01,  9.13143337e-01,
        -1.28506196e+00, -3.81022882e+00],
       [ 1.39358163e+00,  7.74828434e-01,  6.32171571e-01,
        -1.17514980e+00, -2.12912226e+00],
       [ 1.19714367e+00,  9.26388681e-01,  3.76568735e-01,
        -8.92029405e-01, -1.13763845e+00],
       [ 1.06341887e+00,  9.76262033e-01,  2.16592699e-01,
        -5.91095924e-01, -8.02280843e-01],
       [ 9.67293441e-01,  9.95040417e-01,  9.94716361e-02,
        -4.74722087e-01, -5.70303023e-01],
       [ 8.55527520e-01,  9.99139071e-01,  4.14862968e-02,
        -7.00557351e-01, -6.93729669e-02],
       [ 7.22142041e-01,  9.99247193e-01,  3.87948230e-02,
        -7.03441143e-01,  3.97196896e-02],
       [ 6.06695533e-01,  9.99242902e-01,  3.89047265e-02,
        -5.79301775e-01, -3.84443849e-02],
       [ 5.02600968e-01,  9.99708712e-01,  2.41336338e-02,
        -4.61304069e-01, -1.16852626e-01],
       [ 3.99236947e-01,  9.99270558e-01,  3.81876640e-02,
        -6.87468767e-01,  2.79485583e-01],
       [ 3.22908580e-01,  9.99560475e-01,  2.96448171e-02,
        -1.60447508e-01, -3.78411233e-01],
       [ 2.58397728e-01,  9.99934971e-01,  1.14019895e-02,
        -5.18214762e-01,  1.77554607e-01],
       [ 1.70310304e-01,  9.99374866e-01,  3.53528857e-02,
        -4.09549773e-01,  8.62175524e-02],
       [ 1.22061975e-01,  9.99654830e-01,  2.62726676e-02,
        -1.57899797e-01, -1.97040558e-01],
       [ 8.86512324e-02,  9.99998093e-01,  1.94014900e-03,
        -2.12825447e-01, -8.44886377e-02],
       [ 5.19034080e-02,  9.99865890e-01, -1.63785722e-02,
        -1.95103243e-01, -1.27445757e-01],
       [-1.63338408e-02,  9.99999881e-01,  4.55881760e-04,
        -5.23549914e-01,  3.12796146e-01],
       [-8.09640437e-02,  9.99867439e-01,  1.62824932e-02,
        -1.94899604e-01, -1.29665613e-01],
       [-1.43217996e-01,  9.99338627e-01,  3.63634750e-02,
        -4.97215986e-01,  3.62011224e-01],
       [-1.90169930e-01,  9.98821795e-01,  4.85289656e-02,
         2.69990391e-03, -2.27868050e-01],
       [-1.97371170e-01,  9.99616206e-01,  2.77021993e-02,
        -8.22846442e-02, -1.32265333e-02],
       [-2.14140698e-01,  9.99371290e-01,  3.54544558e-02,
        -1.15154952e-01,  1.07826099e-01],
       [-2.17020631e-01,  9.99300003e-01,  3.74102853e-02,
         8.12316760e-02, -8.39462727e-02],
       [-2.00509891e-01,  9.99659777e-01,  2.60836892e-02,
         1.13234319e-01, -5.42790033e-02],
       [-1.68922424e-01,  9.99988437e-01,  4.80308244e-03,
         2.38179743e-01, -1.91956490e-01],
       [-1.36032268e-01,  9.99891937e-01, -1.47025054e-02,
         1.08462684e-01, -2.27959491e-02],
       [-1.34276494e-01,  9.99985337e-01,  5.41317742e-03,
        -9.04197544e-02,  2.44260162e-01],
       [-1.28797129e-01,  9.99777913e-01,  2.10740510e-02,
         1.50969997e-01, -6.30408376e-02],
       [-9.83680636e-02,  9.99959767e-01,  8.97339266e-03,
         1.87382102e-01, -7.69675523e-02],
       [-6.44064248e-02,  9.99980152e-01, -6.29883353e-03,
         2.12466538e-01, -1.09316200e-01],
       [-3.70886326e-02,  9.99922693e-01, -1.24338204e-02,
         9.11941826e-02,  3.83327976e-02],
       [-6.12862874e-03,  9.99502361e-01, -3.15437429e-02,
         2.73410141e-01, -2.71456718e-01],
       [ 1.62376445e-02,  9.98696744e-01, -5.10376394e-02,
        -3.75343040e-02,  5.65846264e-02],
       [-1.88477766e-02,  9.99956310e-01, -9.34449770e-03,
        -3.53179157e-01,  4.26119596e-01],
       [-5.42500317e-02,  9.99599099e-01,  2.83138640e-02,
        -4.09702584e-02,  9.63882543e-03],
       [-6.42836988e-02,  9.99167740e-01,  4.07904126e-02,
        -7.73159564e-02,  1.42624870e-01],
       [-3.26060690e-02,  9.99970675e-01,  7.65448762e-03,
         4.50655848e-01, -5.47069132e-01],
       [ 1.47377665e-03,  9.99707818e-01, -2.41714399e-02,
        -1.09107159e-01,  2.12537423e-01],
       [-9.17516369e-03,  9.99996483e-01, -2.65455525e-03,
        -1.65970754e-02,  4.99353893e-02],
       [-1.11495385e-04,  9.99928772e-01, -1.19327754e-02,
         1.17495134e-01, -1.57272026e-01],
       [ 3.18880985e-03,  9.99840617e-01, -1.78547464e-02,
        -7.85480812e-02,  8.50211233e-02],
       [-1.20838061e-02,  9.99989569e-01, -4.57047718e-03,
        -8.25075656e-02,  6.12364747e-02],
       [-1.90759115e-02,  9.99987185e-01, -5.06685069e-03,
         2.56119441e-04, -6.72891065e-02],
       [-2.58514453e-02,  9.99950767e-01, -9.92581807e-03,
        -7.14697093e-02,  1.37921339e-02],
       [-6.38240129e-02,  9.99562502e-01,  2.95769684e-02,
        -3.76030982e-01,  4.68058825e-01],
       [-6.83415160e-02,  9.99514043e-01,  3.11717037e-02,
         3.22841257e-01, -4.48570549e-01],
       [-3.77654396e-02,  9.99981105e-01, -6.15181122e-03,
        -1.72755608e-04,  3.76453511e-02]], dtype=float32), 'action': array([-0.23386005,  0.53356594,  0.4958098 ,  0.48712283,  0.42564917,
        0.39874122, -0.37236822, -0.3486231 , -0.41928503,  0.07248759,
        0.17953931,  0.19138494,  0.07708403, -0.11766665,  0.00116384,
        0.07366132,  0.06291262, -0.12723768,  0.3037827 , -0.1925194 ,
        0.06048343,  0.1544906 , -0.0304504 ,  0.00962725, -0.17858642,
        0.18853377, -0.17111564,  0.27390286, -0.04598206, -0.01771572,
        0.12143621,  0.02158383,  0.07253949, -0.0706391 , -0.10811437,
        0.13898183,  0.02187314,  0.01528964, -0.07000208,  0.10880615,
       -0.1713874 , -0.18263744,  0.179216  , -0.01961278,  0.32135698,
       -0.28887293,  0.05507574,  0.07619231, -0.11972498, -0.00292192,
        0.04977079, -0.03939359, -0.18372545,  0.42526287, -0.17421067,
       -0.0533147 ], dtype=float32), 'dt': array([15, 19, 18, 18, 18, 21, 22, 14, 15, 16, 19, 18, 18, 19, 19, 18, 20,
       18, 18, 19, 19, 17, 18, 18, 19, 18, 18, 19, 18, 17, 17, 17, 18, 19,
       19, 18, 18, 17, 18, 17, 19, 18, 18, 17, 17, 20, 17, 18, 17, 19, 17,
       19, 17, 17, 19, 17], dtype=int32), 'latent_action': array([[ 0.76494133,  0.7573613 ],
       [-0.77604413, -0.7765365 ],
       [-0.74021363, -0.7916111 ],
       [-0.7672707 , -0.752621  ],
       [-0.77704084, -0.75304085],
       [-0.76310325, -0.7675288 ],
       [ 0.79171556, -0.6138838 ],
       [ 0.78564805,  0.35643086],
       [ 0.7403704 ,  0.36274388],
       [ 0.13966613, -0.08491818],
       [-0.04058728, -0.75139666],
       [-0.08303346, -0.7861707 ],
       [ 0.08949948, -0.74515545],
       [ 0.3717208 , -0.7999959 ],
       [ 0.15431087, -0.74203557],
       [ 0.02930865, -0.7260215 ],
       [ 0.0676962 , -0.76502764],
       [ 0.29151976, -0.76835525],
       [-0.20776692, -0.7594817 ],
       [ 0.47743383, -0.70950496],
       [ 0.00307311, -0.7701257 ],
       [-0.02152196, -0.78338146],
       [ 0.29447502, -0.7366573 ],
       [ 0.28789195, -0.7545518 ],
       [ 0.4911959 , -0.7691885 ],
       [-0.06756798, -0.74556154],
       [ 0.4085305 , -0.7608693 ],
       [-0.3608078 , -0.7978398 ],
       [ 0.3303461 , -0.77582073],
       [ 0.13533296, -0.748994  ],
       [-0.01457033, -0.7620965 ],
       [ 0.0878567 , -0.7481378 ],
       [-0.00341298, -0.7420207 ],
       [ 0.3282228 , -0.7648088 ],
       [ 0.33361366, -0.76942044],
       [-0.049994  , -0.74014556],
       [ 0.02377237, -0.7189294 ],
       [ 0.21644634, -0.76546377],
       [ 0.29525432, -0.7739055 ],
       [-0.0098186 , -0.78953147],
       [ 0.5476358 , -0.7831446 ],
       [ 0.39812428, -0.77675307],
       [-0.29468802, -0.77259094],
       [ 0.10564492, -0.7857134 ],
       [-0.21685661, -0.77281255],
       [ 0.68856514, -0.8073889 ],
       [ 0.12387934, -0.7581961 ],
       [ 0.09002551, -0.7611414 ],
       [ 0.36041087, -0.73120403],
       [ 0.20789889, -0.77615863],
       [ 0.20446886, -0.76375717],
       [ 0.3284661 , -0.76064694],
       [ 0.31761453, -0.7648608 ],
       [-0.5513481 , -0.80958533],
       [ 0.45248073, -0.7667114 ],
       [ 0.16913421, -0.73268616]], dtype=float32), 'hybrid_action': array([[-0.23386005, -0.06052909],
       [ 0.53356594,  0.26280558],
       [ 0.4958098 ,  0.17077567],
       [ 0.48712283,  0.16670492],
       [ 0.42564917,  0.1652058 ],
       [ 0.39874122,  0.3952373 ],
       [-0.37236822,  0.45633385],
       [-0.3486231 , -0.09941067],
       [-0.41928503, -0.0357713 ],
       [ 0.07248759,  0.0213655 ],
       [ 0.17953931,  0.2688355 ],
       [ 0.19138494,  0.18999176],
       [ 0.07708403,  0.20152193],
       [-0.11766665,  0.25007424],
       [ 0.00116384,  0.21699095],
       [ 0.07366132,  0.1443438 ],
       [ 0.06291262,  0.28320867],
       [-0.12723768,  0.19434206],
       [ 0.3037827 ,  0.14122708],
       [-0.1925194 ,  0.25130904],
       [ 0.06048343,  0.21383585],
       [ 0.1544906 ,  0.08948375],
       [-0.0304504 ,  0.18056248],
       [ 0.00962725,  0.19947554],
       [-0.17858642,  0.25722206],
       [ 0.18853377,  0.19086736],
       [-0.17111564,  0.14313444],
       [ 0.27390286,  0.20997968],
       [-0.04598206,  0.1599682 ],
       [-0.01771572,  0.13621911],
       [ 0.12143621,  0.09385056],
       [ 0.02158383,  0.1182768 ],
       [ 0.07253949,  0.19861382],
       [-0.0706391 ,  0.23765434],
       [-0.10811437,  0.23392205],
       [ 0.13898183,  0.15264706],
       [ 0.02187314,  0.1422587 ],
       [ 0.01528964,  0.12408904],
       [-0.07000208,  0.16768986],
       [ 0.10880615,  0.13033785],
       [-0.1713874 ,  0.26066375],
       [-0.18263744,  0.19097178],
       [ 0.179216  ,  0.17070022],
       [-0.01961278,  0.10040297],
       [ 0.32135698,  0.08683626],
       [-0.28887293,  0.29556188],
       [ 0.05507574,  0.12603302],
       [ 0.07619231,  0.20499243],
       [-0.11972498,  0.12790723],
       [-0.00292192,  0.23646969],
       [ 0.04977079,  0.12246084],
       [-0.03939359,  0.2118894 ],
       [-0.18372545,  0.08763824],
       [ 0.42526287,  0.12444305],
       [-0.17421067,  0.24910711],
       [-0.0533147 ,  0.08255959]], dtype=float32)}",11.814804003874686,56.00000000000001
4050,801.4368189357995,"{0: [0, 0, 0, 0, 0, 0, 0, 0, 0, 0, 0, 1, 8, 10, 11, 28, 122, 218, 108, 45, 7, 4, 2, 0, 0, 0, 0, 0, 0, 0]}",[801.4368189357995],"{'state': array([[ 0.00000000e+00,  0.00000000e+00,  0.00000000e+00,
         0.00000000e+00,  0.00000000e+00],
       [-2.47991048e-02, -9.99502182e-01,  3.15494575e-02,
        -2.58527696e-01, -3.74361277e-01],
       [ 6.17992412e-03, -9.99751091e-01, -2.23097391e-02,
         6.01597786e-01,  9.47994947e-01],
       [ 1.79747745e-01, -9.64709520e-01, -2.63316453e-01,
         1.32039118e+00,  1.64440548e+00],
       [ 4.93348658e-01, -8.35431695e-01, -5.49594283e-01,
         2.15606642e+00,  1.69829452e+00],
       [ 9.55208600e-01, -6.77381396e-01, -7.35632002e-01,
         2.97414398e+00,  9.06515300e-01],
       [ 1.62029254e+00, -6.54901803e-01, -7.55713940e-01,
         3.67706656e+00, -6.18180454e-01],
       [ 1.86734080e+00, -9.93987501e-01,  1.09493338e-01,
        -5.37606835e-01, -6.86349392e+00],
       [ 1.77061999e+00, -5.48048675e-01,  8.36446404e-01,
        -9.10878599e-01, -6.37195396e+00],
       [ 1.59948981e+00,  2.71128953e-01,  9.62543011e-01,
        -1.26356530e+00, -4.20052481e+00],
       [ 1.41563761e+00,  6.68309748e-01,  7.43883133e-01,
        -1.38066590e+00, -2.38487434e+00],
       [ 1.24118555e+00,  8.98456335e-01,  4.39062893e-01,
        -4.53420818e-01, -1.85273981e+00],
       [ 1.14273238e+00,  9.81394112e-01,  1.92004174e-01,
        -5.28458118e-01, -8.80705535e-01],
       [ 1.04075861e+00,  9.97852921e-01,  6.54942393e-02,
        -5.42437494e-01, -5.23765981e-01],
       [ 9.13303792e-01,  9.99925733e-01,  1.21873850e-02,
        -7.98053920e-01, -6.34300187e-02],
       [ 7.57895350e-01,  9.99966860e-01,  8.14087223e-03,
        -8.37735415e-01,  1.88787524e-02],
       [ 5.82346499e-01,  9.99634862e-01,  2.70220917e-02,
        -9.18185413e-01,  1.79540887e-01],
       [ 4.51328397e-01,  9.99621093e-01,  2.75257975e-02,
        -6.23218179e-01, -1.73386931e-01],
       [ 2.92134941e-01,  9.98114347e-01,  6.13822378e-02,
        -1.05320382e+00,  5.46295583e-01],
       [ 1.72694549e-01,  9.97681201e-01,  6.80603907e-02,
        -2.04238236e-01, -4.72485721e-01],
       [ 1.12204552e-01,  9.99583900e-01,  2.88450066e-02,
        -4.67084706e-01,  1.84119549e-02],
       [ 1.42816147e-02,  9.98172879e-01,  6.04222305e-02,
        -6.21586919e-01,  3.47192466e-01],
       [-3.73190641e-02,  9.98494267e-01,  5.48565090e-02,
         1.46291237e-02, -4.15240824e-01],
       [-6.27560839e-02,  9.99545097e-01,  3.01591475e-02,
        -2.96762586e-01,  1.29351020e-01],
       [-9.45344642e-02,  9.99491036e-01,  3.19001973e-02,
        -7.71384388e-02, -1.08096324e-01],
       [-1.17671326e-01,  9.99412894e-01,  3.42611708e-02,
        -1.95104182e-01,  1.36903703e-01],
       [-1.29982203e-01,  9.99406040e-01,  3.44619006e-02,
         5.83087318e-02, -1.34573743e-01],
       [-1.25264153e-01,  9.99676228e-01,  2.54441127e-02,
        -5.69873629e-03,  3.02065872e-02],
       [-1.16152786e-01,  9.99735415e-01,  2.30033342e-02,
         1.01659954e-01, -5.70841506e-02],
       [-9.99463573e-02,  9.99815941e-01,  1.91864669e-02,
         8.90789628e-02,  1.05181187e-02],
       [-5.79895899e-02,  9.99907911e-01, -1.35690849e-02,
         3.77784640e-01, -3.89489621e-01],
       [-4.21786048e-02,  9.99924481e-01, -1.22888191e-02,
        -2.11372659e-01,  4.03574944e-01],
       [-3.78151834e-02,  9.99999046e-01, -1.39052165e-03,
         2.59622723e-01, -2.77481586e-01],
       [-1.52672483e-02,  9.99822617e-01, -1.88358128e-02,
        -8.72118585e-03,  7.56222010e-02],
       [-1.54115772e-02,  9.99937832e-01, -1.11478213e-02,
         6.87196571e-03,  1.81618631e-02],
       [-2.41035204e-02,  9.99988496e-01,  4.79220971e-03,
        -1.03779264e-01,  1.66249275e-01],
       [-1.37639511e-02,  9.99982536e-01, -5.90801891e-03,
         2.18881294e-01, -2.90035158e-01],
       [-1.28865382e-02,  9.99986053e-01, -5.28281508e-03,
        -2.09652513e-01,  2.96908319e-01],
       [-3.43075022e-02,  9.99654353e-01,  2.62910556e-02,
        -2.90190112e-02,  6.84241429e-02],
       [-2.61367057e-02,  9.99722183e-01,  2.35711392e-02,
         1.31202653e-01, -1.03542425e-01],
       [ 2.32508755e-03,  9.99999881e-01,  4.63633332e-04,
         2.04095602e-01, -1.78339899e-01],
       [ 3.12784724e-02,  9.99731064e-01, -2.31893677e-02,
         1.36998609e-01, -1.10197164e-01],
       [ 3.96475978e-02,  9.99676764e-01, -2.54245773e-02,
        -4.39587682e-02,  8.43236372e-02],
       [ 3.27393152e-02,  9.99865532e-01, -1.63973533e-02,
        -3.74924839e-02,  2.58086417e-02],
       [ 2.08382327e-02,  9.99971807e-01, -7.51004554e-03,
        -9.49259996e-02,  7.70157129e-02],
       [ 9.24149901e-03,  9.99996305e-01, -2.71798205e-03,
        -3.40271369e-02, -2.15748791e-02],
       [-1.49967587e-02,  9.99785006e-01,  2.07338221e-02,
        -2.51584411e-01,  3.07628632e-01],
       [-2.14233771e-02,  9.99667823e-01,  2.57728957e-02,
         1.65801242e-01, -2.38470405e-01],
       [ 2.28494545e-03,  9.99987602e-01, -4.98372968e-03,
         9.82630178e-02, -1.17376044e-01],
       [ 9.69442353e-03,  9.99911129e-01, -1.33306757e-02,
        -1.09266583e-02,  1.55549552e-02],
       [ 1.40626803e-02,  9.99731541e-01, -2.31695119e-02,
         5.96656948e-02, -1.29392579e-01],
       [-1.17705120e-02,  9.99999821e-01, -6.06892281e-04,
        -3.18516463e-01,  3.66524488e-01],
       [-3.40974294e-02,  9.99842405e-01,  1.77517515e-02,
         5.54778837e-02, -1.42551497e-01],
       [-2.66978275e-02,  9.99998510e-01, -1.71269604e-03,
         2.71447282e-02, -8.26404020e-02],
       [-3.32937762e-02,  9.99999166e-01, -1.30549225e-03,
        -9.65827629e-02,  8.71203020e-02],
       [-4.33591343e-02,  9.99991298e-01,  4.16602707e-03,
        -1.53696565e-02, -2.38183606e-02],
       [-4.35460582e-02,  9.99995649e-01, -2.94998265e-03,
         1.33101447e-02, -6.29785061e-02]], dtype=float32), 'action': array([-0.2094369 ,  0.48892045,  0.42157152,  0.5154321 ,  0.52241886,
        0.41224626, -0.283217  , -0.4439628 , -0.38724512, -0.10832149,
        0.5349178 , -0.02128798,  0.00087139, -0.13593736, -0.02084854,
       -0.04027644,  0.18044622, -0.23007074,  0.46472085, -0.1470398 ,
       -0.08532985,  0.38926658, -0.17519344,  0.13511999, -0.06913568,
        0.14732344, -0.03453963,  0.05986096, -0.00614807,  0.16533263,
       -0.32021853,  0.26891434, -0.15417363,  0.0084    , -0.06350909,
        0.18450995, -0.23265265,  0.10403387,  0.10478263,  0.04497363,
       -0.04140212, -0.10518096,  0.00246171, -0.03367911,  0.03447419,
       -0.13109897,  0.2878822 , -0.0379052 , -0.06674031,  0.03911567,
       -0.19560958,  0.22701761, -0.01564907, -0.06716606,  0.04654581,
        0.0174057 , -0.02364058], dtype=float32), 'dt': array([13, 18, 18, 18, 18, 20, 22, 13, 16, 14, 19, 20, 19, 19, 19, 20, 17,
       19, 19, 18, 18, 17, 18, 17, 17, 18, 18, 19, 17, 18, 19, 18, 18, 17,
       18, 18, 19, 18, 16, 17, 17, 18, 17, 18, 18, 17, 15, 18, 17, 18, 20,
       17, 18, 19, 18, 17, 19], dtype=int32), 'latent_action': array([[ 0.7746834 ,  0.7519227 ],
       [-0.7420804 , -0.7782065 ],
       [-0.7486832 , -0.7493439 ],
       [-0.760106  , -0.74924356],
       [-0.8030703 , -0.77778965],
       [-0.79277086, -0.7384127 ],
       [ 0.79297304, -0.6861981 ],
       [ 0.7729943 ,  0.65873426],
       [ 0.77207357,  0.07634766],
       [ 0.06885365,  0.20559594],
       [-0.7086072 , -0.75321215],
       [ 0.26474303, -0.76160604],
       [ 0.2183217 , -0.7313031 ],
       [ 0.42858034, -0.7503762 ],
       [ 0.1837158 , -0.7801028 ],
       [ 0.2574427 , -0.7519903 ],
       [-0.00380443, -0.7763023 ],
       [ 0.4347958 , -0.7571706 ],
       [-0.49989706, -0.79244304],
       [ 0.49327612, -0.7562109 ],
       [ 0.17312708, -0.7697468 ],
       [-0.4544988 , -0.77765703],
       [ 0.42231065, -0.7770889 ],
       [-0.13062665, -0.774312  ],
       [ 0.1652651 , -0.7296555 ],
       [-0.1308102 , -0.7608589 ],
       [ 0.20030941, -0.79890907],
       [-0.01037803, -0.73047924],
       [ 0.03775402, -0.7665839 ],
       [-0.0160014 , -0.75065017],
       [ 0.6120081 , -0.74970347],
       [-0.33697614, -0.75902486],
       [ 0.44343972, -0.78215903],
       [ 0.18075372, -0.76667786],
       [ 0.2413464 , -0.7631352 ],
       [ 0.00408269, -0.7787545 ],
       [ 0.471201  , -0.79250133],
       [-0.10625899, -0.7964411 ],
       [-0.06961146, -0.7766327 ],
       [ 0.1326079 , -0.7842916 ],
       [ 0.27085164, -0.7578371 ],
       [ 0.32571852, -0.711787  ],
       [ 0.11755598, -0.7410096 ],
       [ 0.2001703 , -0.75543785],
       [ 0.10508546, -0.73670757],
       [ 0.2199875 , -0.7438822 ],
       [-0.35710597, -0.777237  ],
       [ 0.20445786, -0.7631273 ],
       [ 0.31237122, -0.8105849 ],
       [ 0.14716369, -0.7880342 ],
       [ 0.41361037, -0.7843902 ],
       [-0.2158384 , -0.7780849 ],
       [ 0.20029795, -0.74064153],
       [ 0.29993394, -0.78197837],
       [ 0.11383867, -0.7857228 ],
       [ 0.13121924, -0.76548827],
       [ 0.31454977, -0.71830344]], dtype=float32), 'hybrid_action': array([[-0.2094369 , -0.15111786],
       [ 0.48892045,  0.17193954],
       [ 0.42157152,  0.15350075],
       [ 0.5154321 ,  0.1883128 ],
       [ 0.52241886,  0.17049776],
       [ 0.41224626,  0.28512013],
       [-0.283217  ,  0.42562926],
       [-0.4439628 , -0.16567838],
       [-0.38724512,  0.05196486],
       [-0.10832149, -0.13230158],
       [ 0.5349178 ,  0.24426033],
       [-0.02128798,  0.30984265],
       [ 0.00087139,  0.21444224],
       [-0.13593736,  0.26099885],
       [-0.02084854,  0.2587723 ],
       [-0.04027644,  0.2875176 ],
       [ 0.18044622,  0.13499749],
       [-0.23007074,  0.24627663],
       [ 0.46472085,  0.2154635 ],
       [-0.1470398 ,  0.20465057],
       [-0.08532985,  0.18687822],
       [ 0.38926658,  0.08515386],
       [-0.17519344,  0.1739362 ],
       [ 0.13511999,  0.09920909],
       [-0.06913568,  0.13644388],
       [ 0.14732344,  0.20450896],
       [-0.03453963,  0.15985243],
       [ 0.05986096,  0.24589485],
       [-0.00614807,  0.09609929],
       [ 0.16533263,  0.1875559 ],
       [-0.32021853,  0.2615213 ],
       [ 0.26891434,  0.18086174],
       [-0.15417363,  0.19010964],
       [ 0.0084    ,  0.13416195],
       [-0.06350909,  0.16397263],
       [ 0.18450995,  0.15807581],
       [-0.23265265,  0.22587712],
       [ 0.10403387,  0.16877364],
       [ 0.10478263,  0.06728059],
       [ 0.04497363,  0.13560387],
       [-0.04140212,  0.10590871],
       [-0.10518096,  0.17271563],
       [ 0.00246171,  0.12880555],
       [-0.03367911,  0.1509286 ],
       [ 0.03447419,  0.15323171],
       [-0.13109897,  0.11979499],
       [ 0.2878822 , -0.01431288],
       [-0.0379052 ,  0.20154601],
       [-0.06674031,  0.1322656 ],
       [ 0.03911567,  0.18265918],
       [-0.19560958,  0.28516197],
       [ 0.22701761,  0.10241681],
       [-0.01564907,  0.16376159],
       [-0.06716606,  0.24963367],
       [ 0.04654581,  0.14272885],
       [ 0.0174057 ,  0.13663083],
       [-0.02364058,  0.21475345]], dtype=float32)}",7.279298110883235,56.40000000000001
4100,800.3107587670859,"{0: [0, 0, 0, 0, 0, 0, 0, 0, 0, 0, 0, 2, 6, 9, 7, 29, 112, 202, 143, 37, 7, 4, 2, 0, 0, 0, 0, 0, 0, 0]}",[800.3107587670859],"{'state': array([[ 0.00000000e+00,  0.00000000e+00,  0.00000000e+00,
         0.00000000e+00,  0.00000000e+00],
       [ 1.56197499e-03, -9.99946415e-01,  1.03499955e-02,
        -2.18137294e-01, -3.23405564e-01],
       [ 4.02109101e-02, -9.98837829e-01, -4.81975749e-02,
         6.23600781e-01,  9.10920918e-01],
       [ 2.53683925e-01, -9.47099924e-01, -3.20938855e-01,
         1.61485910e+00,  1.87063015e+00],
       [ 6.17060244e-01, -7.89645612e-01, -6.13563180e-01,
         2.41535687e+00,  1.67083609e+00],
       [ 1.11362505e+00, -6.44976556e-01, -7.64202356e-01,
         3.10247326e+00,  5.64946115e-01],
       [ 1.83926833e+00, -6.87446713e-01, -7.26234853e-01,
         2.82243204e+00, -2.06497884e+00],
       [ 1.85123348e+00, -9.39152241e-01,  3.43501210e-01,
        -6.42733812e-01, -6.82947445e+00],
       [ 1.73872888e+00, -3.16989899e-01,  9.48428929e-01,
        -9.45633352e-01, -5.72087765e+00],
       [ 1.56480861e+00,  4.00963813e-01,  9.16093886e-01,
        -1.26673269e+00, -3.42570138e+00],
       [ 1.40267825e+00,  8.07662368e-01,  5.89645267e-01,
        -3.63844872e-01, -2.08895874e+00],
       [ 1.39101183e+00,  9.59250569e-01,  2.82556772e-01,
         2.44912714e-01, -1.69999158e+00],
       [ 1.40397608e+00,  9.98596787e-01,  5.29576391e-02,
        -1.11646056e-01, -7.45929122e-01],
       [ 1.34561825e+00,  9.99543667e-01, -3.02066747e-02,
        -5.00858188e-01, -1.69852465e-01],
       [ 1.23865819e+00,  9.98460352e-01, -5.54705448e-02,
        -6.24477863e-01, -1.08569078e-01],
       [ 1.07477283e+00,  9.99341607e-01, -3.62809561e-02,
        -1.01482475e+00,  3.10508132e-01],
       [ 9.05645669e-01,  9.99985754e-01, -5.34015661e-03,
        -8.65005732e-01,  4.75058146e-02],
       [ 7.36553609e-01,  9.99736130e-01,  2.29716096e-02,
        -1.01437891e+00,  2.80039251e-01],
       [ 5.59137464e-01,  9.98630226e-01,  5.23232706e-02,
        -7.60472655e-01,  2.86868419e-02],
       [ 4.60486084e-01,  9.99747992e-01,  2.24477053e-02,
        -3.99534494e-01, -3.93469661e-01],
       [ 3.60747933e-01,  9.99980628e-01, -6.22875011e-03,
        -7.08069861e-01,  6.16994724e-02],
       [ 2.32270122e-01,  9.99983132e-01,  5.81140304e-03,
        -7.19711661e-01,  7.75925666e-02],
       [ 8.56899768e-02,  9.99260426e-01,  3.84520218e-02,
        -8.23945701e-01,  2.81823516e-01],
       [-3.46125662e-02,  9.98203933e-01,  5.99079542e-02,
        -5.13211310e-01, -3.32035944e-02],
       [-1.35679439e-01,  9.96707141e-01,  8.10858756e-02,
        -6.10178649e-01,  2.78743833e-01],
       [-1.92015648e-01,  9.96976793e-01,  7.77002424e-02,
        -5.25358804e-02, -3.20199549e-01],
       [-2.07936719e-01,  9.99132812e-01,  4.16366756e-02,
        -1.14279859e-01, -7.74726644e-02],
       [-2.32113332e-01,  9.99111831e-01,  4.21378762e-02,
        -1.54358938e-01,  8.32744241e-02],
       [-2.32539222e-01,  9.99616742e-01,  2.76842304e-02,
         1.49305210e-01, -2.69990116e-01],
       [-2.46139377e-01,  9.99055564e-01,  4.34506834e-02,
        -2.92791426e-01,  4.43595111e-01],
       [-2.43675217e-01,  9.98607099e-01,  5.27619161e-02,
         3.23401004e-01, -3.23170334e-01],
       [-1.78963795e-01,  9.99974668e-01, -7.11672381e-03,
         3.96851987e-01, -3.69845957e-01],
       [-1.45410478e-01,  9.99734104e-01, -2.30589490e-02,
        -2.36948617e-02,  1.85341433e-01],
       [-1.32949620e-01,  9.99814391e-01, -1.92651898e-02,
         1.70216620e-01, -1.39057100e-01],
       [-1.29245266e-01,  9.99954998e-01, -9.48467851e-03,
        -1.31435245e-01,  2.46750504e-01],
       [-1.34755805e-01,  9.99963522e-01,  8.54375586e-03,
         6.98292553e-02, -3.81719694e-02],
       [-1.08603150e-01,  9.99834239e-01, -1.82083696e-02,
         2.38370940e-01, -2.88139880e-01],
       [-1.04726538e-01,  9.99818623e-01, -1.90459304e-02,
        -1.92740947e-01,  2.77909964e-01],
       [-1.18730143e-01,  9.99999523e-01, -9.90792643e-04,
         2.76365802e-02, -5.76742776e-02],
       [-1.29198939e-01,  9.99936342e-01,  1.12831965e-02,
        -1.51037291e-01,  2.07382292e-01],
       [-1.16003126e-01,  9.99972224e-01, -7.44959200e-03,
         3.06645274e-01, -4.35884446e-01],
       [-1.21312298e-01,  9.99994993e-01, -3.15662241e-03,
        -3.59826207e-01,  4.80987787e-01],
       [-1.43063366e-01,  9.99712586e-01,  2.39740591e-02,
         1.03385657e-01, -1.49969935e-01],
       [-1.23479970e-01,  9.99999642e-01, -8.42546346e-04,
         1.14723027e-01, -1.37156412e-01],
       [-1.08041540e-01,  9.99805570e-01, -1.97187532e-02,
         4.82021756e-02, -7.06723481e-02],
       [-1.32244423e-01,  9.99930322e-01,  1.18045378e-02,
        -3.17774802e-01,  4.35396224e-01],
       [-1.30541772e-01,  9.99958038e-01,  9.16151982e-03,
         3.37849706e-01, -4.67630118e-01],
       [-1.19099386e-01,  9.99990046e-01, -4.46439674e-03,
        -2.17096105e-01,  3.17596972e-01],
       [-1.33106560e-01,  9.99848843e-01,  1.73861925e-02,
         4.15969640e-02, -3.55264544e-02],
       [-1.22574285e-01,  9.99955714e-01,  9.41237155e-03,
         8.24684203e-02, -6.17429167e-02],
       [-1.00344360e-01,  9.99933362e-01, -1.15441075e-02,
         1.64965153e-01, -1.80702716e-01],
       [-9.45931002e-02,  9.99916315e-01, -1.29349725e-02,
        -1.04390651e-01,  1.65381074e-01],
       [-9.81034711e-02,  9.99974191e-01, -7.18459301e-03,
         6.52647763e-02, -9.88504291e-02],
       [-9.78212506e-02,  9.99942958e-01, -1.06802238e-02,
        -6.20542131e-02,  5.84038682e-02],
       [-1.02425225e-01,  9.99929130e-01, -1.19071342e-02,
         1.09233977e-02, -7.25966915e-02],
       [-1.21494383e-01,  9.99995172e-01,  3.11596505e-03,
        -2.23112792e-01,  2.46402323e-01]], dtype=float32), 'action': array([-0.16618288,  0.45487824,  0.55126333,  0.501858  ,  0.44656998,
        0.42582616, -0.22713907, -0.4023347 , -0.32040522,  0.48870796,
        0.3539212 , -0.1739582 , -0.2102143 , -0.06998233, -0.20426415,
        0.08420916, -0.08487337,  0.13332117,  0.2211069 , -0.17593631,
       -0.00670864, -0.05501555,  0.18111654, -0.05064784,  0.34325057,
       -0.02938686, -0.02003821,  0.197735  , -0.23718944,  0.3996988 ,
        0.0435959 , -0.24157129,  0.11593688, -0.16448772,  0.11507928,
        0.10171344, -0.26230797,  0.13272446, -0.10782019,  0.27723256,
       -0.3436392 ,  0.28116268,  0.00728857, -0.03675807, -0.20960309,
        0.39767   , -0.30061814,  0.16681227,  0.02567819,  0.04711667,
       -0.14683454,  0.09633803, -0.07343796,  0.04095748, -0.13416651,
        0.214489  ], dtype=float32), 'dt': array([14, 19, 19, 18, 18, 21, 20, 14, 16, 20, 19, 20, 19, 19, 20, 18, 18,
       20, 17, 18, 18, 19, 18, 18, 17, 19, 18, 16, 19, 16, 18, 18, 17, 19,
       18, 17, 17, 17, 17, 17, 20, 17, 18, 19, 18, 17, 19, 16, 17, 18, 19,
       18, 18, 18, 18, 17], dtype=int32), 'latent_action': array([[ 0.749789  ,  0.7682584 ],
       [-0.7936543 , -0.7763289 ],
       [-0.7599081 , -0.7493649 ],
       [-0.7509297 , -0.75439143],
       [-0.77792263, -0.7874105 ],
       [-0.7450103 , -0.76250476],
       [ 0.78015345, -0.32385314],
       [ 0.7888019 ,  0.6534192 ],
       [ 0.78023   ,  0.38708034],
       [-0.5714732 , -0.7592164 ],
       [-0.1494175 , -0.76974064],
       [ 0.64823174, -0.75196636],
       [ 0.6327354 , -0.77881765],
       [ 0.43323913, -0.7741526 ],
       [ 0.53920186, -0.7528937 ],
       [ 0.2093839 , -0.7626192 ],
       [ 0.26113212, -0.75237584],
       [-0.01645096, -0.7415892 ],
       [ 0.03740526, -0.7575627 ],
       [ 0.5171522 , -0.7452309 ],
       [ 0.35581037, -0.7610716 ],
       [ 0.25944692, -0.78471845],
       [-0.13048783, -0.7921942 ],
       [ 0.16955994, -0.72976637],
       [-0.40627006, -0.75043863],
       [ 0.2516697 , -0.75370055],
       [ 0.17414787, -0.76828676],
       [-0.12898056, -0.7462341 ],
       [ 0.47804722, -0.7410146 ],
       [-0.6294502 , -0.7440642 ],
       [ 0.20232163, -0.7722503 ],
       [ 0.6130166 , -0.7818389 ],
       [ 0.04144241, -0.74107665],
       [ 0.39649758, -0.7613291 ],
       [-0.02844393, -0.75010276],
       [ 0.14321503, -0.78195274],
       [ 0.5696834 , -0.7579929 ],
       [-0.06802637, -0.77741873],
       [ 0.28802693, -0.7903905 ],
       [-0.08990488, -0.7652808 ],
       [ 0.6315937 , -0.7675158 ],
       [-0.33346134, -0.75343204],
       [ 0.15263756, -0.74951   ],
       [ 0.31067947, -0.75845146],
       [ 0.3871355 , -0.7595507 ],
       [-0.42054337, -0.73405874],
       [ 0.63090575, -0.7781792 ],
       [-0.18294808, -0.76065886],
       [ 0.11495366, -0.78562224],
       [ 0.18924105, -0.7543756 ],
       [ 0.42993543, -0.7916582 ],
       [ 0.12800789, -0.74396217],
       [ 0.32543522, -0.76746804],
       [ 0.15807858, -0.76748806],
       [ 0.3795484 , -0.7520963 ],
       [-0.12337533, -0.7503716 ]], dtype=float32), 'hybrid_action': array([[-0.16618288, -0.11842085],
       [ 0.45487824,  0.25517413],
       [ 0.55126333,  0.22598702],
       [ 0.501858  ,  0.1476747 ],
       [ 0.44656998,  0.16035698],
       [ 0.42582616,  0.3905731 ],
       [-0.22713907,  0.32907668],
       [-0.4023347 , -0.11009355],
       [-0.32040522,  0.01075584],
       [ 0.48870796,  0.3326932 ],
       [ 0.3539212 ,  0.2573925 ],
       [-0.1739582 ,  0.32454523],
       [-0.2102143 ,  0.25814512],
       [-0.06998233,  0.2432657 ],
       [-0.20426415,  0.30458128],
       [ 0.08420916,  0.1443747 ],
       [-0.08487337,  0.13913435],
       [ 0.13332117,  0.27746168],
       [ 0.2211069 ,  0.1291122 ],
       [-0.17593631,  0.19623905],
       [-0.00670864,  0.19226663],
       [-0.05501555,  0.25332338],
       [ 0.18111654,  0.20328486],
       [-0.05064784,  0.18900947],
       [ 0.34325057,  0.12952083],
       [-0.02938686,  0.23733152],
       [-0.02003821,  0.18601523],
       [ 0.197735  ,  0.06214499],
       [-0.23718944,  0.24992919],
       [ 0.3996988 ,  0.02794637],
       [ 0.0435959 ,  0.17595345],
       [-0.24157129,  0.14069103],
       [ 0.11593688,  0.10285952],
       [-0.16448772,  0.24581534],
       [ 0.11507928,  0.16930336],
       [ 0.10171344,  0.13208541],
       [-0.26230797,  0.12872171],
       [ 0.13272446,  0.0761573 ],
       [-0.10782019,  0.12663035],
       [ 0.27723256,  0.07917812],
       [-0.3436392 ,  0.33784884],
       [ 0.28116268,  0.1348121 ],
       [ 0.00728857,  0.16002703],
       [-0.03675807,  0.2098453 ],
       [-0.20960309,  0.19740182],
       [ 0.39767   ,  0.12632954],
       [-0.30061814,  0.24865936],
       [ 0.16681227,  0.0577547 ],
       [ 0.02567819,  0.11401872],
       [ 0.04711667,  0.15417556],
       [-0.14683454,  0.23258154],
       [ 0.09633803,  0.16293222],
       [-0.07343796,  0.2035805 ],
       [ 0.04095748,  0.14891315],
       [-0.13416651,  0.17640316],
       [ 0.214489  ,  0.13157967]], dtype=float32)}",9.364634725121235,56.00000000000001
4150,794.7663600907598,"{0: [0, 0, 0, 0, 0, 0, 0, 0, 0, 0, 0, 2, 11, 8, 11, 28, 122, 193, 126, 42, 9, 4, 4, 1, 0, 0, 0, 0, 0, 0]}",[794.7663600907598],"{'state': array([[ 0.00000000e+00,  0.00000000e+00,  0.00000000e+00,
         0.00000000e+00,  0.00000000e+00],
       [-1.33508509e-02, -9.99669194e-01,  2.57188380e-02,
        -2.93523878e-01, -4.35371846e-01],
       [ 2.72573438e-02, -9.99202013e-01, -3.99422646e-02,
         7.19472408e-01,  1.09445727e+00],
       [ 2.32637957e-01, -9.49538469e-01, -3.13650668e-01,
         1.55452633e+00,  1.86584830e+00],
       [ 5.84400833e-01, -7.94257402e-01, -6.07581377e-01,
         2.34656954e+00,  1.67712772e+00],
       [ 1.06962442e+00, -6.47827387e-01, -7.61787117e-01,
         3.04508877e+00,  5.98616958e-01],
       [ 1.78193521e+00, -6.85117602e-01, -7.28432477e-01,
         3.73809290e+00, -1.05280221e+00],
       [ 1.83565724e+00, -8.83131683e-01,  4.69125211e-01,
        -6.40551567e-01, -6.79497576e+00],
       [ 1.71144867e+00, -1.49483457e-01,  9.88764226e-01,
        -1.00991058e+00, -5.37460518e+00],
       [ 1.56816983e+00,  3.80754232e-01,  9.24676299e-01,
        -1.40080619e+00, -3.60153532e+00],
       [ 1.37403309e+00,  7.78094232e-01,  6.28147602e-01,
        -7.67805338e-01, -2.14605474e+00],
       [ 1.29632258e+00,  9.48368549e-01,  3.17170382e-01,
        -4.63249087e-02, -1.78105342e+00],
       [ 1.23459053e+00,  9.96819854e-01,  7.96876624e-02,
        -5.11210084e-01, -5.52060246e-01],
       [ 1.11599159e+00,  9.99482095e-01,  3.21793742e-02,
        -8.05613518e-01,  1.79685745e-03],
       [ 9.73096311e-01,  9.99669075e-01,  2.57248692e-02,
        -6.98407292e-01, -7.28867874e-02],
       [ 8.20174515e-01,  9.98823524e-01,  4.84932289e-02,
        -9.11781073e-01,  3.23657215e-01],
       [ 7.07894981e-01,  9.99016285e-01,  4.43451665e-02,
        -3.35687071e-01, -3.71718317e-01],
       [ 6.26314759e-01,  9.99727070e-01,  2.33629178e-02,
        -6.23674810e-01,  1.15694083e-01],
       [ 5.50550222e-01,  9.99991894e-01, -4.03024768e-03,
        -2.17584848e-01, -4.32662129e-01],
       [ 4.50896025e-01,  9.99984860e-01, -5.50087448e-03,
        -8.31364632e-01,  4.16453183e-01],
       [ 3.22528660e-01,  9.99424636e-01,  3.39182243e-02,
        -5.20745873e-01,  1.76516417e-02],
       [ 2.34400973e-01,  9.99314487e-01,  3.70215178e-02,
        -4.58516091e-01,  1.82747934e-02],
       [ 1.57750219e-01,  9.99176383e-01,  4.05775309e-02,
        -3.93233865e-01,  2.28977613e-02],
       [ 1.01775713e-01,  9.99315381e-01,  3.69975977e-02,
        -2.65220672e-01, -6.65978193e-02],
       [ 6.68939427e-02,  9.99849021e-01,  1.73754338e-02,
        -1.44767150e-01, -1.72847286e-01],
       [ 6.12953864e-03,  9.99309897e-01,  3.71445231e-02,
        -4.95276928e-01,  3.90509605e-01],
       [-3.38209458e-02,  9.98788178e-01,  4.92151454e-02,
         2.50153486e-02, -2.43045539e-01],
       [-2.20914129e-02,  9.99995708e-01,  2.93280277e-03,
         1.06272243e-01, -2.92630643e-01],
       [-4.22510393e-02,  9.99978364e-01,  6.57472806e-03,
        -3.30337197e-01,  3.34753811e-01],
       [-6.55697659e-02,  9.99834180e-01,  1.82110220e-02,
         7.09894300e-02, -2.00091511e-01],
       [-6.38816357e-02,  9.99999821e-01,  6.18089107e-04,
        -5.18657193e-02, -3.44823883e-03],
       [-6.68125674e-02,  9.99953449e-01, -9.64820664e-03,
         1.95121896e-02, -1.15320787e-01],
       [-9.07023773e-02,  9.99981642e-01,  6.06405362e-03,
        -2.71324545e-01,  2.88300037e-01],
       [-1.16504259e-01,  9.99594152e-01,  2.84877270e-02,
        -1.58371199e-02, -2.88014263e-02],
       [-1.28513277e-01,  9.99044657e-01,  4.37006839e-02,
        -1.17907390e-01,  2.04889774e-01],
       [-1.25240728e-01,  9.98482287e-01,  5.50741106e-02,
         1.56175286e-01, -6.59471974e-02],
       [-7.65619203e-02,  9.99703526e-01,  2.43489612e-02,
         3.85344476e-01, -2.89868146e-01],
       [-3.17519158e-02,  9.99896348e-01,  1.43963024e-02,
         8.65599886e-02,  1.80285007e-01],
       [ 2.38303542e-02,  9.99991059e-01, -4.22296207e-03,
         4.98920649e-01, -3.85283113e-01],
       [ 7.56857842e-02,  9.99750078e-01, -2.23555937e-02,
         7.76388645e-02,  1.75438076e-01],
       [ 1.00223050e-01,  9.99952435e-01, -9.75122396e-03,
         1.94734827e-01, -2.96041891e-02],
       [ 1.34087041e-01,  9.99871135e-01, -1.60519648e-02,
         1.81662962e-01, -4.32949811e-02],
       [ 1.64982513e-01,  9.99624670e-01, -2.73960102e-02,
         1.82035998e-01, -9.51050669e-02],
       [ 1.88459158e-01,  9.99263883e-01, -3.83620709e-02,
         7.90460259e-02, -3.18392403e-02],
       [ 1.90078363e-01,  9.99399364e-01, -3.46545391e-02,
        -6.11304753e-02,  7.47610182e-02],
       [ 1.66128471e-01,  9.99968290e-01, -7.96376448e-03,
        -2.21158251e-01,  2.50902534e-01],
       [ 1.55397519e-01,  9.99988854e-01, -4.72312700e-03,
         9.48439538e-02, -2.11368009e-01],
       [ 1.41216934e-01,  9.99999881e-01, -5.07211196e-04,
        -2.44200796e-01,  2.57775873e-01],
       [ 1.22971244e-01,  9.99930620e-01,  1.17774131e-02,
         1.58977918e-02, -9.91938189e-02],
       [ 1.21083878e-01,  9.99994874e-01,  3.21019371e-03,
        -3.79330516e-02, -5.30788023e-03],
       [ 1.29591390e-01,  9.99792337e-01, -2.03782935e-02,
         1.32947147e-01, -2.67588049e-01],
       [ 1.26499459e-01,  9.99280810e-01, -3.79198380e-02,
        -1.65098533e-01,  7.43351206e-02],
       [ 8.97863135e-02,  9.99810815e-01, -1.94500983e-02,
        -2.67183840e-01,  1.51053965e-01],
       [ 3.73289026e-02,  9.99930024e-01,  1.18306745e-02,
        -3.16325247e-01,  2.10846394e-01],
       [-7.92323146e-03,  9.99125540e-01,  4.18114699e-02,
        -2.49882475e-01,  1.76297590e-01],
       [-1.75018311e-02,  9.99452770e-01,  3.30773517e-02,
         1.37364596e-01, -2.82935888e-01]], dtype=float32), 'action': array([-0.20491894,  0.54625034,  0.49153134,  0.49633586,  0.45323735,
        0.38957885, -0.27747652, -0.44415286, -0.44899374,  0.37848735,
        0.41717184, -0.206575  , -0.16461006,  0.06006446, -0.11314771,
        0.332731  , -0.172045  ,  0.23291388, -0.33302754,  0.16930325,
        0.03802209,  0.04000164,  0.08018527,  0.0748047 , -0.1881253 ,
        0.31803057,  0.04827474, -0.24939537,  0.23039299, -0.06961629,
        0.0405116 , -0.15776414,  0.14731614, -0.05589395,  0.16939148,
        0.13384095, -0.16059901,  0.22386695, -0.2418613 ,  0.0658711 ,
       -0.00835914, -0.00127248, -0.06117475, -0.08270375, -0.09837271,
        0.19087297, -0.18394697,  0.16765699, -0.03207113,  0.09714513,
       -0.16355847, -0.06380883, -0.02838414,  0.04458125,  0.23707104,
       -0.1992003 ], dtype=float32), 'dt': array([15, 19, 18, 18, 18, 21, 23, 15, 12, 18, 19, 22, 18, 19, 19, 18, 17,
       18, 19, 19, 18, 18, 17, 17, 19, 17, 18, 18, 18, 18, 18, 19, 18, 18,
       17, 18, 19, 19, 18, 18, 18, 17, 18, 18, 17, 17, 19, 16, 17, 18, 19,
       17, 18, 16, 17, 18], dtype=int32), 'latent_action': array([[ 0.77288747,  0.72009706],
       [-0.77757305, -0.75703204],
       [-0.7385758 , -0.7681181 ],
       [-0.7589179 , -0.7778317 ],
       [-0.75819016, -0.75311965],
       [-0.76203376, -0.7863799 ],
       [ 0.7400334 , -0.6339779 ],
       [ 0.78560007,  0.5425283 ],
       [ 0.7360841 ,  0.5563222 ],
       [-0.35070187, -0.32150295],
       [-0.30545157, -0.75941   ],
       [ 0.6705619 , -0.78783   ],
       [ 0.31067917, -0.7579885 ],
       [ 0.05663748, -0.7889214 ],
       [ 0.30231997, -0.73633695],
       [-0.30553138, -0.7446637 ],
       [ 0.41404122, -0.74411964],
       [-0.07373806, -0.7719245 ],
       [ 0.67470264, -0.75506926],
       [-0.08226972, -0.7841976 ],
       [ 0.12234168, -0.7593031 ],
       [ 0.15793185, -0.7796137 ],
       [ 0.07177486, -0.7290962 ],
       [ 0.14661135, -0.77412426],
       [ 0.41015977, -0.75908667],
       [-0.49667746, -0.7395754 ],
       [ 0.14627105, -0.79009825],
       [ 0.56080025, -0.7824037 ],
       [-0.14639573, -0.72418606],
       [ 0.2851483 , -0.75962305],
       [ 0.1770827 , -0.74644446],
       [ 0.4414943 , -0.7376245 ],
       [-0.08971006, -0.7405107 ],
       [ 0.14034991, -0.7682401 ],
       [-0.28408217, -0.7517965 ],
       [-0.18576299, -0.70136094],
       [ 0.3405943 , -0.7514747 ],
       [-0.22659406, -0.77966934],
       [ 0.5350047 , -0.7620095 ],
       [-0.00554405, -0.75389314],
       [ 0.15715082, -0.7588333 ],
       [ 0.17268696, -0.75108427],
       [ 0.27273786, -0.78392553],
       [ 0.26974547, -0.79600257],
       [ 0.2940762 , -0.7772759 ],
       [-0.07926663, -0.7691882 ],
       [ 0.39104232, -0.7777415 ],
       [-0.09301542, -0.77377355],
       [ 0.21289578, -0.7796074 ],
       [ 0.11897151, -0.7343466 ],
       [ 0.49905708, -0.7428277 ],
       [ 0.3292345 , -0.7281779 ],
       [ 0.19486977, -0.75793815],
       [-0.05026024, -0.7412958 ],
       [-0.26694712, -0.76411295],
       [ 0.3768029 , -0.71253955]], dtype=float32), 'hybrid_action': array([[-0.20491894, -0.03127226],
       [ 0.54625034,  0.26222304],
       [ 0.49153134,  0.1596035 ],
       [ 0.49633586,  0.1825269 ],
       [ 0.45323735,  0.19057971],
       [ 0.38957885,  0.36492494],
       [-0.27747652,  0.5115822 ],
       [-0.44415286, -0.06807127],
       [-0.44899374, -0.21661666],
       [ 0.37848735,  0.17041   ],
       [ 0.41717184,  0.25007612],
       [-0.206575  ,  0.43322912],
       [-0.16461006,  0.18668275],
       [ 0.06006446,  0.26023152],
       [-0.11314771,  0.21217346],
       [ 0.332731  ,  0.18817686],
       [-0.172045  ,  0.10230789],
       [ 0.23291388,  0.17234991],
       [-0.33302754,  0.23186779],
       [ 0.16930325,  0.21956234],
       [ 0.03802209,  0.1743696 ],
       [ 0.04000164,  0.1407369 ],
       [ 0.08018527,  0.11240989],
       [ 0.0748047 ,  0.08389162],
       [-0.1881253 ,  0.22315392],
       [ 0.31803057,  0.09724298],
       [ 0.04827474,  0.16664506],
       [-0.24939537,  0.15490003],
       [ 0.23039299,  0.14322025],
       [-0.06961629,  0.15078491],
       [ 0.0405116 ,  0.14342666],
       [-0.15776414,  0.24487199],
       [ 0.14731614,  0.18381569],
       [-0.05589395,  0.15120326],
       [ 0.16939148,  0.11047024],
       [ 0.13384095,  0.19116329],
       [-0.16059901,  0.24843176],
       [ 0.22386695,  0.2637455 ],
       [-0.2418613 ,  0.18510817],
       [ 0.0658711 ,  0.17416921],
       [-0.00835914,  0.16855147],
       [-0.00127248,  0.12442871],
       [-0.06117475,  0.16091554],
       [-0.08270375,  0.16146195],
       [-0.09837271,  0.10777358],
       [ 0.19087297,  0.10522585],
       [-0.18394697,  0.22807361],
       [ 0.16765699,  0.05356486],
       [-0.03207113,  0.10088333],
       [ 0.09714513,  0.17600965],
       [-0.16355847,  0.24269328],
       [-0.06380883,  0.12183876],
       [-0.02838414,  0.20066543],
       [ 0.04458125,  0.01305619],
       [ 0.23707104,  0.08531977],
       [-0.1992003 ,  0.1708293 ]], dtype=float32)}",14.414144988042075,56.10000000000001
4200,801.8850895944942,"{0: [0, 0, 0, 0, 0, 0, 0, 0, 0, 0, 1, 2, 7, 13, 7, 29, 121, 192, 134, 41, 6, 7, 0, 1, 0, 0, 0, 0, 0, 0]}",[801.8850895944942],"{'state': array([[ 0.00000000e+00,  0.00000000e+00,  0.00000000e+00,
         0.00000000e+00,  0.00000000e+00],
       [-3.56561430e-02, -9.99591291e-01,  2.85868440e-02,
        -3.38311076e-01, -4.65070665e-01],
       [-7.42303766e-03, -9.99630332e-01, -2.71889176e-02,
         6.34244204e-01,  1.02501690e+00],
       [ 1.69115171e-01, -9.60842907e-01, -2.77093679e-01,
         1.43589330e+00,  1.83841538e+00],
       [ 5.36698639e-01, -7.92624295e-01, -6.09710336e-01,
         2.42300630e+00,  1.90040636e+00],
       [ 1.01098716e+00, -6.18624330e-01, -7.85686910e-01,
         3.15695143e+00,  9.15324867e-01],
       [ 1.71821856e+00, -6.04989469e-01, -7.96233475e-01,
         3.91566420e+00, -7.50231624e-01],
       [ 1.85780251e+00, -9.82648611e-01,  1.85477078e-01,
        -7.06404030e-01, -6.99264622e+00],
       [ 1.74367309e+00, -4.81149226e-01,  8.76638710e-01,
        -1.01588309e+00, -6.28470850e+00],
       [ 1.56112695e+00,  3.25337231e-01,  9.45598066e-01,
        -1.30422795e+00, -4.05595303e+00],
       [ 1.38478565e+00,  7.26595283e-01,  6.87065721e-01,
        -1.06188214e+00, -2.47726488e+00],
       [ 1.21249878e+00,  9.20173109e-01,  3.91511768e-01,
        -7.52311528e-01, -1.40950000e+00],
       [ 1.08519578e+00,  9.80984628e-01,  1.94085434e-01,
        -5.84668040e-01, -8.64809573e-01],
       [ 9.68321085e-01,  9.96968269e-01,  7.78095350e-02,
        -6.43318653e-01, -4.26896572e-01],
       [ 8.58367264e-01,  9.99987960e-01,  4.90346225e-03,
        -5.76892018e-01, -4.17443216e-01],
       [ 7.01489389e-01,  9.99969006e-01, -7.87173584e-03,
        -1.07416523e+00,  2.76773006e-01],
       [ 5.01881480e-01,  9.99630570e-01,  2.71795057e-02,
        -9.22725737e-01,  9.15882289e-02],
       [ 3.29603881e-01,  9.98807728e-01,  4.88169342e-02,
        -8.91196370e-01,  1.46793872e-01],
       [ 1.61055133e-01,  9.96726811e-01,  8.08437020e-02,
        -7.95028687e-01,  1.90467104e-01],
       [ 5.95411472e-02,  9.97772634e-01,  6.67063221e-02,
        -2.73218155e-01, -3.46666336e-01],
       [-1.67082455e-02,  9.98737395e-01,  5.02355881e-02,
        -5.29057086e-01,  1.65107891e-01],
       [-7.60292187e-02,  9.98766840e-01,  4.96467277e-02,
        -2.12447956e-01, -1.72714189e-01],
       [-1.22233897e-01,  9.99341249e-01,  3.62914652e-02,
        -2.73626655e-01,  2.55649630e-02],
       [-1.53876662e-01,  9.99729455e-01,  2.32602991e-02,
        -7.76886940e-02, -1.76404938e-01],
       [-1.86966985e-01,  9.99777794e-01,  2.10796893e-02,
        -2.70580202e-01,  1.52390346e-01],
       [-2.16849893e-01,  9.99581516e-01,  2.89266929e-02,
        -8.11417997e-02, -5.66321537e-02],
       [-2.38715172e-01,  9.99353290e-01,  3.59585769e-02,
        -1.61949515e-01,  1.38016567e-01],
       [-2.46222094e-01,  9.99259412e-01,  3.84788252e-02,
         7.35792443e-02, -1.07243568e-01],
       [-2.31587648e-01,  9.99711633e-01,  2.40147840e-02,
         9.88743007e-02, -6.92670345e-02],
       [-2.14281633e-01,  9.99874949e-01,  1.58154443e-02,
         1.04886927e-01, -3.07634044e-02],
       [-1.81400105e-01,  9.99957740e-01, -9.19080619e-03,
         2.82443970e-01, -2.74260461e-01],
       [-1.77413270e-01,  9.99971807e-01,  7.51183042e-03,
        -2.40836591e-01,  4.58147615e-01],
       [-1.58050120e-01,  9.99995708e-01,  2.92567536e-03,
         4.56069022e-01, -5.11200607e-01],
       [-1.45682350e-01,  9.99908328e-01,  1.35403732e-02,
        -3.38522017e-01,  6.17931366e-01],
       [-1.45405382e-01,  9.99145627e-01,  4.13282253e-02,
         3.41201574e-01, -2.78651953e-01],
       [-7.02125058e-02,  9.99717891e-01, -2.37515625e-02,
         4.95617568e-01, -4.74415898e-01],
       [-3.10158525e-02,  9.99067068e-01, -4.31856066e-02,
        -1.03176191e-01,  2.69946367e-01],
       [-5.93578629e-02,  9.99906719e-01,  1.36588318e-02,
        -2.12910980e-01,  3.87850314e-01],
       [-6.22048452e-02,  9.99327838e-01,  3.66580710e-02,
         1.78949997e-01, -1.07141726e-01],
       [-5.63041354e-03,  9.99923825e-01, -1.23407682e-02,
         4.50672209e-01, -4.59861398e-01],
       [ 1.05801104e-02,  9.99993443e-01, -3.61803570e-03,
        -2.88759172e-01,  5.51532269e-01],
       [ 2.17599105e-02,  9.99978483e-01,  6.56453380e-03,
         4.12755817e-01, -4.33694690e-01],
       [ 7.57742971e-02,  9.99029517e-01, -4.40459996e-02,
         1.56935543e-01, -1.23711564e-01],
       [ 7.15652108e-02,  9.99567628e-01, -2.94026379e-02,
        -2.04010129e-01,  2.93283492e-01],
       [ 4.65428606e-02,  9.99994338e-01,  3.37223010e-03,
        -1.09373711e-01,  1.29803613e-01],
       [ 3.96526046e-02,  9.99950111e-01,  9.98586230e-03,
         2.81796362e-02, -4.91269790e-02],
       [ 5.33756763e-02,  9.99946475e-01, -1.03452187e-02,
         1.33666307e-01, -1.98862433e-01],
       [ 5.99430501e-02,  9.99690831e-01, -2.48648096e-02,
        -6.03886247e-02,  3.08397226e-02],
       [ 3.32548358e-02,  9.99998033e-01, -1.97055470e-03,
        -2.21041337e-01,  2.21243933e-01],
       [ 1.36633189e-02,  9.99934435e-01,  1.14511214e-02,
        -2.41043884e-02, -4.79893722e-02],
       [-7.12767709e-03,  9.99535799e-01,  3.04665882e-02,
        -2.20862493e-01,  2.79955447e-01],
       [ 3.56572797e-03,  9.99896407e-01,  1.43927233e-02,
         3.54829848e-01, -4.87548023e-01],
       [ 4.04114015e-02,  9.99358118e-01, -3.58239897e-02,
         3.41287702e-02, -6.54467195e-02],
       [ 1.11861201e-02,  9.99994159e-01, -3.42052616e-03,
        -3.59532237e-01,  4.40482080e-01],
       [ 4.58330614e-03,  9.99978244e-01, -6.60001393e-03,
         2.81905413e-01, -4.79250669e-01],
       [-7.86201190e-03,  9.99977887e-01, -6.65218197e-03,
        -4.12896812e-01,  4.78658795e-01]], dtype=float32), 'action': array([-0.2440225 ,  0.5238679 ,  0.49694866,  0.57842845,  0.5026942 ,
        0.44297192, -0.31393757, -0.4098889 , -0.33402652,  0.16164762,
        0.19241618,  0.10882903, -0.02286105,  0.0407903 , -0.2696678 ,
        0.07861155,  0.01965758,  0.05393071,  0.28797576, -0.1346954 ,
        0.20710646, -0.03021958,  0.11412259, -0.10303237,  0.11642297,
       -0.04398479,  0.14519018,  0.0174869 ,  0.0050276 ,  0.10773808,
       -0.2836776 ,  0.39896622, -0.38932872,  0.4134598 ,  0.08894543,
       -0.31072736, -0.06378692,  0.23900086,  0.15626939, -0.38139933,
        0.40133965, -0.13993189, -0.20900275,  0.05994992,  0.08374051,
        0.06385637, -0.11220724, -0.08800561,  0.1269746 , -0.11767866,
        0.37181297, -0.17455164, -0.2265264 ,  0.38799536, -0.3770496 ,
        0.28458467], dtype=float32), 'dt': array([14, 19, 17, 19, 17, 20, 22, 13, 16, 15, 19, 19, 19, 18, 19, 20, 19,
       20, 19, 19, 16, 19, 18, 19, 17, 18, 17, 17, 17, 17, 19, 18, 21, 17,
       18, 20, 18, 17, 18, 20, 18, 19, 18, 16, 17, 17, 18, 19, 16, 17, 16,
       19, 18, 17, 19, 18], dtype=int32), 'latent_action': array([[ 0.7792253 ,  0.7624256 ],
       [-0.7636491 , -0.75328   ],
       [-0.74455106, -0.7856984 ],
       [-0.7585536 , -0.77151334],
       [-0.80759245, -0.7172028 ],
       [-0.75346327, -0.7468438 ],
       [ 0.77238137, -0.6440215 ],
       [ 0.7355337 ,  0.5705879 ],
       [ 0.75273246,  0.1470652 ],
       [-0.10305367, -0.09858993],
       [ 0.00390204, -0.7089844 ],
       [ 0.06842954, -0.73803055],
       [ 0.21744813, -0.73559535],
       [ 0.27436873, -0.7918642 ],
       [ 0.66384614, -0.74630463],
       [ 0.08126839, -0.7528301 ],
       [ 0.14450425, -0.74675226],
       [ 0.02357941, -0.7709497 ],
       [-0.253272  , -0.7752391 ],
       [ 0.31482026, -0.77193815],
       [-0.06817786, -0.78509444],
       [ 0.26511022, -0.78290355],
       [ 0.09297475, -0.7884549 ],
       [ 0.34290722, -0.7386385 ],
       [ 0.03720256, -0.73649615],
       [ 0.18412623, -0.77137196],
       [-0.07725134, -0.7852157 ],
       [ 0.12174326, -0.7485951 ],
       [ 0.1271495 , -0.7389084 ],
       [ 0.03772106, -0.7613777 ],
       [ 0.544381  , -0.77421725],
       [-0.5087626 , -0.74489343],
       [ 0.6794313 , -0.77933997],
       [-0.7282428 , -0.7874651 ],
       [ 0.13557953, -0.74259675],
       [ 0.7419274 , -0.7672696 ],
       [ 0.0777461 , -0.76941574],
       [-0.37661505, -0.7170421 ],
       [-0.04919267, -0.7639968 ],
       [ 0.6867647 , -0.79713166],
       [-0.58389354, -0.77576554],
       [ 0.47807407, -0.77762455],
       [ 0.49306932, -0.71730137],
       [-0.01047517, -0.75055623],
       [ 0.01063924, -0.733431  ],
       [ 0.08079647, -0.77295786],
       [ 0.30509982, -0.74670124],
       [ 0.32527214, -0.75890094],
       [-0.0347931 , -0.7409643 ],
       [ 0.16054547, -0.77754194],
       [-0.39235514, -0.7952289 ],
       [ 0.5942024 , -0.7873012 ],
       [ 0.4478647 , -0.7380663 ],
       [-0.40203944, -0.74129534],
       [ 0.68730676, -0.73798484],
       [-0.3426156 , -0.74576163]], dtype=float32), 'hybrid_action': array([[-0.2440225 , -0.095998  ],
       [ 0.5238679 ,  0.2747744 ],
       [ 0.49694866,  0.11654632],
       [ 0.57842845,  0.2585921 ],
       [ 0.5026942 ,  0.09089854],
       [ 0.44297192,  0.3201179 ],
       [-0.31393757,  0.44506156],
       [-0.4098889 , -0.15296395],
       [-0.33402652,  0.05019933],
       [ 0.16164762, -0.02945052],
       [ 0.19241618,  0.27144253],
       [ 0.10882903,  0.20919177],
       [-0.02286105,  0.22842246],
       [ 0.0407903 ,  0.16310996],
       [-0.2696678 ,  0.2632133 ],
       [ 0.07861155,  0.27714542],
       [ 0.01965758,  0.27567813],
       [ 0.05393071,  0.2927998 ],
       [ 0.28797576,  0.24751368],
       [-0.1346954 ,  0.24211495],
       [ 0.20710646,  0.03828289],
       [-0.03021958,  0.21175155],
       [ 0.11412259,  0.14335793],
       [-0.10303237,  0.22018571],
       [ 0.11642297,  0.11139616],
       [-0.04398479,  0.20566289],
       [ 0.14519018,  0.1258506 ],
       [ 0.0174869 ,  0.12818836],
       [ 0.0050276 ,  0.084529  ],
       [ 0.10773808,  0.10125697],
       [-0.2836776 ,  0.2522513 ],
       [ 0.39896622,  0.1389998 ],
       [-0.38932872,  0.3488912 ],
       [ 0.4134598 ,  0.07188398],
       [ 0.08894543,  0.16271733],
       [-0.31072736,  0.31154868],
       [-0.06378692,  0.1565056 ],
       [ 0.23900086,  0.10493892],
       [ 0.15626939,  0.1576025 ],
       [-0.38139933,  0.32314396],
       [ 0.40133965,  0.18457872],
       [-0.13993189,  0.21279679],
       [-0.20900275,  0.18357381],
       [ 0.05994992,  0.0422429 ],
       [ 0.08374051,  0.11704606],
       [ 0.06385637,  0.07868838],
       [-0.11220724,  0.19454458],
       [-0.08800561,  0.25941154],
       [ 0.1269746 ,  0.05637382],
       [-0.11767866,  0.08677347],
       [ 0.37181297,  0.02910345],
       [-0.17455164,  0.24533093],
       [-0.2265264 ,  0.17648812],
       [ 0.38799536,  0.0790902 ],
       [-0.3770496 ,  0.26592973],
       [ 0.28458467,  0.16748907]], dtype=float32)}",8.650592634060907,56.10000000000001
4250,799.0947338483526,"{0: [0, 0, 0, 0, 0, 0, 0, 0, 0, 0, 0, 1, 7, 9, 6, 27, 132, 209, 117, 39, 8, 3, 2, 1, 0, 0, 0, 0, 0, 0]}",[799.0947338483526],"{'state': array([[ 0.00000000e+00,  0.00000000e+00,  0.00000000e+00,
         0.00000000e+00,  0.00000000e+00],
       [-2.49429303e-03, -9.99848545e-01,  1.74027160e-02,
        -2.45888397e-01, -3.69919747e-01],
       [ 3.93713154e-02, -9.98909533e-01, -4.66878228e-02,
         6.85088694e-01,  1.01311421e+00],
       [ 2.39700705e-01, -9.51621592e-01, -3.07272434e-01,
         1.53321970e+00,  1.80429721e+00],
       [ 6.10435545e-01, -7.94121027e-01, -6.07759655e-01,
         2.36139631e+00,  1.60358632e+00],
       [ 1.10718369e+00, -6.50000930e-01, -7.59933412e-01,
         3.15780950e+00,  6.35094941e-01],
       [ 1.76079369e+00, -6.71607256e-01, -7.40907371e-01,
         3.72185659e+00, -9.26967084e-01],
       [ 1.85597634e+00, -9.61721480e-01,  2.74028808e-01,
        -6.76513493e-01, -6.93150711e+00],
       [ 1.73778450e+00, -3.62896293e-01,  9.31829512e-01,
        -9.85767186e-01, -5.93895531e+00],
       [ 1.54931784e+00,  4.22170967e-01,  9.06516254e-01,
        -1.27552533e+00, -3.51543593e+00],
       [ 1.35186601e+00,  8.18899930e-01,  5.73936343e-01,
        -7.11029410e-01, -1.92585957e+00],
       [ 1.25467300e+00,  9.48683143e-01,  3.16228300e-01,
        -3.09582978e-01, -1.25451422e+00],
       [ 1.21203363e+00,  9.90785718e-01,  1.35438591e-01,
        -1.61129311e-01, -8.94208670e-01],
       [ 1.17289186e+00,  9.99946892e-01,  1.03071826e-02,
        -2.71360755e-01, -5.57575643e-01],
       [ 1.09317958e+00,  9.98247623e-01, -5.91748357e-02,
        -5.66181421e-01, -2.07875013e-01],
       [ 9.06947851e-01,  9.99941468e-01, -1.08197555e-02,
        -1.29728973e+00,  7.16737449e-01],
       [ 7.14898169e-01,  9.99203682e-01,  3.98992002e-02,
        -6.24408424e-01, -1.83456644e-01],
       [ 5.91238260e-01,  9.99517918e-01,  3.10480967e-02,
        -7.49407172e-01,  8.10059384e-02],
       [ 4.81664181e-01,  9.99875367e-01,  1.57893021e-02,
        -4.67765063e-01, -2.57607788e-01],
       [ 3.57939780e-01,  9.99799192e-01,  2.00400371e-02,
        -8.34683478e-01,  3.04396033e-01],
       [ 2.24695832e-01,  9.98764873e-01,  4.96867523e-02,
        -5.68547904e-01,  2.22779047e-02],
       [ 1.32390395e-01,  9.98709798e-01,  5.07809855e-02,
        -4.57092494e-01, -9.59945004e-03],
       [ 4.79549803e-02,  9.97540772e-01,  7.00887889e-02,
        -5.36634684e-01,  2.45488152e-01],
       [ 8.09005369e-03,  9.98634875e-01,  5.22342399e-02,
         6.80045336e-02, -4.63860780e-01],
       [ 2.97561684e-03,  9.99990702e-01,  4.31603519e-03,
        -1.27249032e-01, -1.20819367e-01],
       [-4.60923947e-02,  9.99828219e-01,  1.85351912e-02,
        -3.89562249e-01,  2.77354360e-01],
       [-7.56419227e-02,  9.99848008e-01,  1.74351055e-02,
         4.19367589e-02, -2.90768206e-01],
       [-1.11794360e-01,  9.99566615e-01,  2.94379555e-02,
        -4.22738791e-01,  4.22901899e-01],
       [-1.18983708e-01,  9.99876320e-01,  1.57277994e-02,
         3.33127320e-01, -5.99988401e-01],
       [-1.32807314e-01,  9.99925852e-01,  1.21758413e-02,
        -4.71269757e-01,  5.62644482e-01],
       [-1.50797918e-01,  9.99745905e-01,  2.25425493e-02,
         2.81648993e-01, -4.48421687e-01],
       [-1.51401609e-01,  9.99833703e-01,  1.82366427e-02,
        -2.87579328e-01,  4.03162360e-01],
       [-1.63785607e-01,  9.99190450e-01,  4.02303115e-02,
         1.41435355e-01, -1.34678304e-01],
       [-1.41335130e-01,  9.99641240e-01,  2.67833248e-02,
         1.22951083e-01, -2.94272974e-02],
       [-1.14648178e-01,  9.99867558e-01,  1.62751880e-02,
         2.10829943e-01, -1.06242903e-01],
       [-8.40971693e-02,  9.99964297e-01,  8.45214166e-03,
         1.48748085e-01,  1.08146956e-02],
       [-3.63597088e-02,  9.99813735e-01, -1.92990340e-02,
         3.82239729e-01, -3.31867695e-01],
       [-1.40547310e-03,  9.99365747e-01, -3.56101282e-02,
        -1.39290038e-02,  1.52161658e-01],
       [-1.67510193e-02,  9.99988198e-01,  4.85942746e-03,
        -1.57417446e-01,  3.16131800e-01],
       [-1.16232652e-02,  9.99885678e-01,  1.51200350e-02,
         2.17535093e-01, -1.90947816e-01],
       [ 1.84565019e-02,  9.99982417e-01, -5.92527911e-03,
         1.36758789e-01, -6.57581314e-02],
       [ 3.40152755e-02,  9.99971807e-01, -7.51254382e-03,
         4.63181064e-02,  4.63947654e-02],
       [ 4.95897494e-02,  9.99923706e-01, -1.23510789e-02,
         1.37004673e-01, -1.05412178e-01],
       [ 5.21621183e-02,  9.99997556e-01, -2.20898469e-03,
        -1.08631067e-01,  2.22750098e-01],
       [ 4.90481406e-02,  9.99893546e-01,  1.45901693e-02,
         7.16624483e-02, -1.78260021e-02],
       [ 8.46843496e-02,  9.99778271e-01, -2.10563410e-02,
         3.48280996e-01, -4.16984886e-01],
       [ 9.71758962e-02,  9.99525130e-01, -3.08142323e-02,
        -2.09268406e-01,  3.03995967e-01],
       [ 6.79972246e-02,  9.99971509e-01,  7.54490728e-03,
        -9.87139046e-02,  1.18342027e-01],
       [ 7.03819916e-02,  9.99998629e-01,  1.66107598e-03,
         1.26882911e-01, -1.90108329e-01],
       [ 7.23113716e-02,  9.99994516e-01, -3.31366924e-03,
        -1.06460765e-01,  1.35333717e-01],
       [ 7.55237043e-02,  9.99931693e-01, -1.16885500e-02,
         1.44413441e-01, -2.37480223e-01],
       [ 6.75778538e-02,  9.99966502e-01, -8.18395894e-03,
        -2.37958312e-01,  2.80226320e-01],
       [ 5.03015183e-02,  9.99985456e-01,  5.38981706e-03,
         4.57125530e-02, -1.23182565e-01],
       [ 3.55205052e-02,  9.99842048e-01,  1.77732669e-02,
        -2.10198194e-01,  2.66441107e-01],
       [ 3.08693126e-02,  9.99742329e-01,  2.26996001e-02,
         1.51960701e-01, -2.02821046e-01],
       [ 4.47591171e-02,  9.99957025e-01,  9.27251671e-03,
         2.65028467e-03,  4.74693887e-02]], dtype=float32), 'action': array([-0.19944735,  0.5026327 ,  0.4987746 ,  0.49124107,  0.51074135,
        0.3539721 , -0.3164156 , -0.40413278, -0.29458544,  0.30809912,
        0.24257366,  0.09915894, -0.05825166, -0.16149518, -0.37905094,
        0.34753653, -0.06908143,  0.16268021, -0.19767189,  0.14662015,
        0.06720162, -0.04400884,  0.37039858, -0.11627119, -0.14140148,
        0.26248977, -0.2502574 ,  0.48769844, -0.41335893,  0.4092927 ,
       -0.29179066,  0.26178044, -0.00886109,  0.05802467, -0.03671918,
        0.13318537, -0.2166182 , -0.08313435,  0.22770451, -0.04857673,
       -0.05521733,  0.05421949, -0.14099464,  0.1095839 ,  0.16726165,
       -0.3207005 ,  0.05911564,  0.13690315, -0.12652896,  0.1513667 ,
       -0.23219344,  0.16214412, -0.14557235,  0.2343213 , -0.08429039,
        0.05638336], dtype=float32), 'dt': array([13, 19, 18, 19, 18, 19, 21, 14, 17, 20, 19, 18, 18, 19, 20, 20, 18,
       18, 19, 19, 18, 17, 17, 17, 19, 17, 19, 16, 20, 19, 20, 17, 17, 16,
       17, 18, 19, 18, 17, 17, 17, 17, 18, 17, 17, 18, 19, 17, 19, 17, 17,
       18, 18, 16, 18, 19], dtype=int32), 'latent_action': array([[ 0.8033327 ,  0.758891  ],
       [-0.7442881 , -0.7600686 ],
       [-0.77095443, -0.7291653 ],
       [-0.7301179 , -0.7446531 ],
       [-0.7641711 , -0.7457252 ],
       [-0.7788949 , -0.7501313 ],
       [ 0.7906149 , -0.56870055],
       [ 0.7754933 ,  0.46871445],
       [ 0.78055024,  0.07635396],
       [-0.30214694, -0.6626096 ],
       [-0.23377669, -0.7350404 ],
       [ 0.10018204, -0.6864083 ],
       [ 0.3029647 , -0.7840545 ],
       [ 0.6756799 , -0.7317322 ],
       [ 0.73475444, -0.72153544],
       [-0.3754388 , -0.7403961 ],
       [ 0.30406305, -0.73692995],
       [ 0.0394272 , -0.7790008 ],
       [ 0.47560436, -0.7554933 ],
       [-0.12844838, -0.73444605],
       [ 0.04405414, -0.75209177],
       [ 0.09871412, -0.7717045 ],
       [-0.44783413, -0.77817905],
       [ 0.4907963 , -0.74838656],
       [ 0.33644536, -0.793705  ],
       [-0.17551658, -0.7400353 ],
       [ 0.48664904, -0.75710005],
       [-0.49873644, -0.7818851 ],
       [ 0.75643045, -0.7982557 ],
       [-0.57603127, -0.78607786],
       [ 0.63251406, -0.7474624 ],
       [-0.3993033 , -0.7863723 ],
       [ 0.1096331 , -0.7488352 ],
       [ 0.06896541, -0.7462785 ],
       [ 0.17733951, -0.78509444],
       [ 0.11659758, -0.77342385],
       [ 0.5960602 , -0.77387303],
       [ 0.26698813, -0.7698216 ],
       [-0.24026562, -0.7438762 ],
       [ 0.2996826 , -0.7779167 ],
       [ 0.21011727, -0.735386  ],
       [ 0.1267036 , -0.7705842 ],
       [ 0.33954546, -0.73973775],
       [-0.08232646, -0.7631651 ],
       [ 0.02112423, -0.7880813 ],
       [ 0.7303854 , -0.7605666 ],
       [ 0.00826466, -0.7804601 ],
       [-0.05322262, -0.75672555],
       [ 0.41243845, -0.76726264],
       [-0.07915837, -0.74075234],
       [ 0.52884424, -0.74719936],
       [-0.10070973, -0.7666554 ],
       [ 0.25538406, -0.78156   ],
       [-0.28540027, -0.7694553 ],
       [ 0.23677586, -0.7249992 ],
       [ 0.07566104, -0.7594116 ]], dtype=float32), 'hybrid_action': array([[-0.19944735, -0.1393346 ],
       [ 0.5026327 ,  0.26317   ],
       [ 0.4987746 ,  0.18277201],
       [ 0.49124107,  0.21864678],
       [ 0.51074135,  0.1986984 ],
       [ 0.3539721 ,  0.25669348],
       [-0.3164156 ,  0.40579858],
       [-0.40413278, -0.08562759],
       [-0.29458544,  0.10160846],
       [ 0.30809912,  0.2776756 ],
       [ 0.24257366,  0.21335104],
       [ 0.09915894,  0.18745743],
       [-0.05825166,  0.1546499 ],
       [-0.16149518,  0.2352182 ],
       [-0.37905094,  0.30027866],
       [ 0.34753653,  0.28928742],
       [-0.06908143,  0.1808999 ],
       [ 0.16268021,  0.17369613],
       [-0.19767189,  0.25697687],
       [ 0.14662015,  0.25321072],
       [ 0.06720162,  0.14393562],
       [-0.04400884,  0.11603174],
       [ 0.37039858,  0.08845767],
       [-0.11627119,  0.08852287],
       [-0.14140148,  0.2519228 ],
       [ 0.26248977,  0.09790393],
       [-0.2502574 ,  0.25928846],
       [ 0.48769844,  0.06102325],
       [-0.41335893,  0.28407595],
       [ 0.4092927 ,  0.21837874],
       [-0.29179066,  0.3345348 ],
       [ 0.26178044,  0.09264155],
       [-0.00886109,  0.10169075],
       [ 0.05802467,  0.0673114 ],
       [-0.03671918,  0.10929042],
       [ 0.13318537,  0.15229295],
       [-0.2166182 ,  0.22115818],
       [-0.08313435,  0.20125324],
       [ 0.22770451,  0.07470977],
       [-0.04857673,  0.11860187],
       [-0.05521733,  0.07509544],
       [ 0.05421949,  0.10829999],
       [-0.14099464,  0.18357551],
       [ 0.1095839 ,  0.10851519],
       [ 0.16726165,  0.12382988],
       [-0.3207005 ,  0.20018572],
       [ 0.05911564,  0.24421407],
       [ 0.13690315,  0.07896602],
       [-0.12652896,  0.24219786],
       [ 0.1513667 ,  0.10928536],
       [-0.23219344,  0.13498566],
       [ 0.16214412,  0.1607273 ],
       [-0.14557235,  0.1894949 ],
       [ 0.2343213 ,  0.05521512],
       [-0.08429039,  0.16268682],
       [ 0.05638336,  0.20712627]], dtype=float32)}",5.963094317099031,56.10000000000001
4300,797.6494989480125,"{0: [0, 0, 0, 0, 0, 0, 0, 0, 0, 0, 0, 2, 7, 7, 10, 26, 111, 195, 144, 39, 12, 5, 1, 1, 0, 0, 0, 0, 0, 0]}",[797.6494989480125],"{'state': array([[ 0.0000000e+00,  0.0000000e+00,  0.0000000e+00,  0.0000000e+00,
         0.0000000e+00],
       [-3.3337247e-02, -9.9974334e-01,  2.2655621e-02, -2.8918278e-01,
        -4.2594394e-01],
       [ 8.4994612e-03, -9.9901116e-01, -4.4460621e-02,  7.2801685e-01,
         1.0995803e+00],
       [ 2.3107968e-01, -9.4217259e-01, -3.3512804e-01,  1.6058977e+00,
         1.8708538e+00],
       [ 5.8944362e-01, -7.8525937e-01, -6.1916697e-01,  2.3692987e+00,
         1.5890323e+00],
       [ 1.0754209e+00, -6.5294087e-01, -7.5740886e-01,  3.0309849e+00,
         4.5977220e-01],
       [ 1.7951698e+00, -7.0092982e-01, -7.1323025e-01,  3.8230641e+00,
        -1.0502493e+00],
       [ 1.8471584e+00, -8.8814557e-01,  4.5956227e-01, -6.4596957e-01,
        -6.9166059e+00],
       [ 1.7383507e+00, -2.0228215e-01,  9.7932726e-01, -9.0130252e-01,
        -5.5646291e+00],
       [ 1.5836411e+00,  4.2082697e-01,  9.0714091e-01, -1.3398241e+00,
        -3.5050747e+00],
       [ 1.3813648e+00,  8.2068759e-01,  5.7137722e-01, -6.9418955e-01,
        -1.9925897e+00],
       [ 1.3004347e+00,  9.5924133e-01,  2.8258821e-01, -1.5410596e-01,
        -1.5470170e+00],
       [ 1.2534180e+00,  9.9905497e-01,  4.3464042e-02, -2.8924131e-01,
        -8.9170140e-01],
       [ 1.1350191e+00,  9.9892491e-01, -4.6357468e-02, -8.9268738e-01,
        -5.2529760e-02],
       [ 9.1510946e-01,  9.9996459e-01, -8.4151430e-03, -1.3072934e+00,
         4.5151275e-01],
       [ 6.9927168e-01,  9.9945700e-01,  3.2949358e-02, -9.6560127e-01,
         4.0078950e-03],
       [ 5.2605432e-01,  9.9916768e-01,  4.0791791e-02, -9.5919847e-01,
         8.6779483e-02],
       [ 3.4391731e-01,  9.9836040e-01,  5.7240602e-02, -8.6255294e-01,
         8.6280294e-02],
       [ 2.2132458e-01,  9.9926859e-01,  3.8239531e-02, -4.9918655e-01,
        -3.0643830e-01],
       [ 8.4961832e-02,  9.9881727e-01,  4.8621941e-02, -9.3642169e-01,
         4.2077824e-01],
       [-4.3365084e-02,  9.9732280e-01,  7.3125027e-02, -4.1496238e-01,
        -1.5028295e-01],
       [-1.2151267e-01,  9.9776131e-01,  6.6875532e-02, -4.5321643e-01,
         7.7819169e-02],
       [-1.6492604e-01,  9.9900573e-01,  4.4582423e-02, -5.7078365e-02,
        -3.5029280e-01],
       [-2.0134498e-01,  9.9963307e-01,  2.7087942e-02, -3.4721819e-01,
         1.4781795e-01],
       [-2.6229918e-01,  9.9820006e-01,  5.9971716e-02, -3.3073008e-01,
         2.3297332e-01],
       [-2.8373203e-01,  9.9803603e-01,  6.2642835e-02,  7.8518227e-02,
        -2.0030399e-01],
       [-2.7931964e-01,  9.9855900e-01,  5.3665321e-02, -2.9307997e-02,
         9.6291199e-02],
       [-2.5027531e-01,  9.9951166e-01,  3.1248048e-02,  3.7145582e-01,
        -3.7007928e-01],
       [-2.0879120e-01,  9.9999410e-01,  3.4362294e-03,  1.1713630e-01,
         3.0813403e-02],
       [-1.8588336e-01,  9.9997205e-01,  7.4788989e-03,  1.3731076e-01,
         1.5957203e-02],
       [-1.5057659e-01,  9.9999303e-01, -3.7276624e-03,  2.5521821e-01,
        -1.4560425e-01],
       [-1.1914740e-01,  9.9994129e-01, -1.0837285e-02,  9.4145685e-02,
         6.3344523e-02],
       [-9.7285144e-02,  9.9996275e-01, -8.6323116e-03,  1.4872161e-01,
        -3.7833191e-02],
       [-8.6486652e-02,  9.9998951e-01,  4.5759040e-03, -2.1938093e-02,
         1.9893993e-01],
       [-6.3699618e-02,  9.9999332e-01,  3.6502869e-03,  2.7514234e-01,
        -2.0964195e-01],
       [-2.9212547e-02,  9.9995232e-01, -9.7655002e-03,  7.0041649e-02,
         6.8661526e-02],
       [ 7.2441157e-03,  9.9938494e-01, -3.5068274e-02,  3.3554673e-01,
        -3.6141783e-01],
       [ 1.4274181e-02,  9.9945921e-01, -3.2882262e-02, -2.6528865e-01,
         3.8440025e-01],
       [ 9.0787914e-03,  9.9953651e-01, -3.0442506e-02,  2.0411365e-01,
        -3.5462573e-01],
       [-7.6792110e-03,  9.9962956e-01, -2.7215820e-02, -3.8057783e-01,
         3.9016762e-01],
       [-5.8174808e-02,  9.9986517e-01,  1.6421722e-02, -2.1434285e-01,
         1.4213800e-01],
       [-7.9265967e-02,  9.9977106e-01,  2.1396721e-02, -2.0110430e-02,
        -8.4562369e-02],
       [-8.5218854e-02,  9.9989569e-01,  1.4443826e-02, -4.9786747e-02,
        -2.5803442e-04],
       [-9.0480857e-02,  9.9992937e-01,  1.1884999e-02, -5.5471989e-03,
        -2.7914073e-02],
       [-8.4666617e-02,  9.9999946e-01, -1.0296881e-03,  7.0417568e-02,
        -1.2149791e-01],
       [-9.0895019e-02,  9.9999249e-01,  3.8821653e-03, -1.3972108e-01,
         1.7831810e-01],
       [-8.7673314e-02,  9.9999315e-01, -3.7070620e-03,  1.7567119e-01,
        -2.6611242e-01],
       [-1.0116010e-01,  9.9992955e-01,  1.1870597e-02, -3.1797051e-01,
         4.3760228e-01],
       [-9.5858358e-02,  9.9999142e-01,  4.1391701e-03,  3.8048875e-01,
        -5.3191769e-01],
       [-7.9057977e-02,  9.9980080e-01, -1.9958604e-02, -2.0309919e-01,
         2.6653513e-01],
       [-1.1312596e-01,  9.9973077e-01,  2.3202987e-02, -1.7632875e-01,
         2.3283198e-01],
       [-9.9976592e-02,  9.9998629e-01,  5.2366764e-03,  3.3137953e-01,
        -4.5204008e-01],
       [-8.4458992e-02,  9.9989724e-01, -1.4336504e-02, -1.6759670e-01,
         2.3651017e-01],
       [-8.7371811e-02,  9.9991375e-01, -1.3132403e-02,  1.3330060e-01,
        -2.2181620e-01],
       [-1.0953808e-01,  9.9994987e-01,  1.0010804e-02, -3.6713099e-01,
         4.7661921e-01],
       [-1.2067173e-01,  9.9977481e-01,  2.1221798e-02,  2.3591289e-01,
        -3.3979991e-01]], dtype=float32), 'action': array([-0.23913719,  0.5488022 ,  0.49082705,  0.48092425,  0.43082088,
        0.43974516, -0.24248192, -0.37984788, -0.43748847,  0.35104185,
        0.31664106, -0.05667487, -0.3109653 , -0.21548904,  0.1859889 ,
        0.00616197,  0.0530953 ,  0.21112448, -0.23405375,  0.28685948,
       -0.01707902,  0.2437357 , -0.16349256,  0.01241443,  0.25208187,
       -0.0576686 ,  0.24561892, -0.15276185,  0.01192251,  0.06757659,
       -0.09262048,  0.03054768, -0.10345988,  0.17020608, -0.10583929,
        0.15032285, -0.311823  ,  0.28200427, -0.31891832,  0.10025767,
        0.11239556, -0.0167251 ,  0.02488325,  0.04382492, -0.12009161,
        0.18039541, -0.26727816,  0.42343155, -0.31685188,  0.01541378,
        0.3083797 , -0.27075794,  0.18121849, -0.27135065,  0.36619222,
       -0.06718151], dtype=float32), 'dt': array([13, 19, 19, 18, 18, 21, 22, 14, 14, 20, 19, 21, 20, 20, 19, 18, 20,
       18, 19, 19, 18, 17, 18, 18, 17, 18, 17, 17, 18, 18, 18, 18, 17, 18,
       20, 18, 20, 17, 19, 17, 18, 17, 19, 18, 18, 18, 19, 17, 19, 18, 17,
       19, 17, 19, 17, 17], dtype=int32), 'latent_action': array([[ 0.75809777,  0.755748  ],
       [-0.7973522 , -0.75367016],
       [-0.75476134, -0.7655471 ],
       [-0.74049485, -0.7992615 ],
       [-0.7559896 , -0.78777754],
       [-0.7565834 , -0.78989214],
       [ 0.726634  , -0.61483496],
       [ 0.7767571 ,  0.43919408],
       [ 0.7579125 ,  0.49800315],
       [-0.33900833, -0.7750968 ],
       [-0.1372214 , -0.7791345 ],
       [ 0.44538364, -0.77747667],
       [ 0.77126235, -0.7229774 ],
       [ 0.58904123, -0.7328476 ],
       [-0.13952024, -0.75617427],
       [ 0.11864682, -0.76059926],
       [ 0.10654746, -0.7879364 ],
       [-0.03573174, -0.75077975],
       [ 0.5393257 , -0.7476574 ],
       [-0.27761227, -0.7415391 ],
       [ 0.17800556, -0.7690039 ],
       [-0.11912802, -0.78176755],
       [ 0.4621536 , -0.72563374],
       [ 0.16999456, -0.78841597],
       [-0.36615497, -0.74887335],
       [ 0.17669183, -0.78744143],
       [-0.22513558, -0.7689661 ],
       [ 0.39431548, -0.75016606],
       [ 0.08187874, -0.7546493 ],
       [ 0.00690162, -0.69822705],
       [ 0.32370478, -0.7268652 ],
       [ 0.02051705, -0.76530087],
       [ 0.24009399, -0.75935477],
       [-0.19848368, -0.76645863],
       [ 0.3084999 , -0.7604557 ],
       [ 0.01962043, -0.7873177 ],
       [ 0.69577855, -0.7638705 ],
       [-0.1694269 , -0.74056864],
       [ 0.6544863 , -0.782779  ],
       [-0.05243355, -0.7468848 ],
       [-0.00103467, -0.7842485 ],
       [ 0.14401267, -0.7597124 ],
       [ 0.11420494, -0.78087175],
       [ 0.06127769, -0.71503365],
       [ 0.3495912 , -0.790153  ],
       [-0.11826954, -0.77114475],
       [ 0.49855256, -0.77286386],
       [-0.51284367, -0.74250126],
       [ 0.68963444, -0.76123756],
       [ 0.04187521, -0.747585  ],
       [-0.29113984, -0.7741426 ],
       [ 0.59724826, -0.7800149 ],
       [ 0.07083309, -0.7276112 ],
       [ 0.51391387, -0.7628225 ],
       [-0.45622936, -0.7942381 ],
       [ 0.32368883, -0.7420666 ]], dtype=float32), 'hybrid_action': array([[-0.23913719, -0.16889985],
       [ 0.5488022 ,  0.23665887],
       [ 0.49082705,  0.2325386 ],
       [ 0.48092425,  0.20679672],
       [ 0.43082088,  0.1879108 ],
       [ 0.43974516,  0.35643888],
       [-0.24248192,  0.44103673],
       [-0.37984788, -0.12553433],
       [-0.43748847, -0.08463607],
       [ 0.35104185,  0.30752257],
       [ 0.31664106,  0.24073307],
       [-0.05667487,  0.36194414],
       [-0.3109653 ,  0.3416761 ],
       [-0.21548904,  0.2894922 ],
       [ 0.1859889 ,  0.22628452],
       [ 0.00616197,  0.204088  ],
       [ 0.0530953 ,  0.28082162],
       [ 0.21112448,  0.18809696],
       [-0.23405375,  0.25636017],
       [ 0.28685948,  0.23946828],
       [-0.01707902,  0.20417565],
       [ 0.2437357 ,  0.08574464],
       [-0.16349256,  0.18873978],
       [ 0.01241443,  0.18183541],
       [ 0.25208187,  0.08223749],
       [-0.0576686 ,  0.20031573],
       [ 0.24561892,  0.09904332],
       [-0.15276185,  0.13487247],
       [ 0.01192251,  0.15039329],
       [ 0.06757659,  0.15960957],
       [-0.09262048,  0.1555181 ],
       [ 0.03054768,  0.14176054],
       [-0.10345988,  0.12289792],
       [ 0.17020608,  0.18033834],
       [-0.10583929,  0.2927707 ],
       [ 0.15032285,  0.16650893],
       [-0.311823  ,  0.27803954],
       [ 0.28200427,  0.13415731],
       [-0.31891832,  0.22550133],
       [ 0.10025767,  0.13534135],
       [ 0.11239556,  0.15541908],
       [-0.0167251 ,  0.11986414],
       [ 0.02488325,  0.23976466],
       [ 0.04382492,  0.16798563],
       [-0.12009161,  0.16388535],
       [ 0.18039541,  0.1709302 ],
       [-0.26727816,  0.21933939],
       [ 0.42343155,  0.11441263],
       [-0.31685188,  0.2372485 ],
       [ 0.01541378,  0.14764981],
       [ 0.3083797 ,  0.07997639],
       [-0.27075794,  0.26187912],
       [ 0.18121849,  0.11232458],
       [-0.27135065,  0.2614582 ],
       [ 0.36619222,  0.07379585],
       [-0.06718151,  0.11082256]], dtype=float32)}",7.7276737018838375,56.00000000000001
4350,794.8141184272265,"{0: [0, 0, 0, 0, 0, 0, 0, 0, 0, 0, 0, 2, 3, 12, 9, 27, 121, 191, 133, 46, 9, 3, 4, 0, 0, 0, 0, 0, 0, 0]}",[794.8141184272265],"{'state': array([[ 0.00000000e+00,  0.00000000e+00,  0.00000000e+00,
         0.00000000e+00,  0.00000000e+00],
       [-5.60311368e-03, -9.99585211e-01,  2.87997890e-02,
        -2.95140117e-01, -4.53700840e-01],
       [ 4.28867787e-02, -9.98946428e-01, -4.58918773e-02,
         8.03838253e-01,  1.20347762e+00],
       [ 2.58683056e-01, -9.44405794e-01, -3.28782171e-01,
         1.58565652e+00,  1.86353803e+00],
       [ 6.12122834e-01, -7.90139198e-01, -6.12927437e-01,
         2.33482313e+00,  1.58404338e+00],
       [ 1.12956643e+00, -6.49053037e-01, -7.60743141e-01,
         3.11216092e+00,  4.76371765e-01],
       [ 1.84431267e+00, -7.10698128e-01, -7.03497112e-01,
         2.73236752e+00, -2.23262382e+00],
       [ 1.84924948e+00, -9.16373909e-01,  4.00323391e-01,
        -6.87810600e-01, -6.93353844e+00],
       [ 1.73060560e+00, -2.52363145e-01,  9.67632592e-01,
        -9.93140161e-01, -5.72035980e+00],
       [ 1.56092322e+00,  4.28351343e-01,  9.03612256e-01,
        -1.30452168e+00, -3.55332828e+00],
       [ 1.36979735e+00,  8.34553301e-01,  5.50927162e-01,
        -6.17386520e-01, -2.12175584e+00],
       [ 1.26894820e+00,  9.67218101e-01,  2.53947198e-01,
        -3.88561130e-01, -1.29767036e+00],
       [ 1.18857968e+00,  9.96641099e-01,  8.18930864e-02,
        -5.01593292e-01, -7.21211553e-01],
       [ 1.05321109e+00,  9.99869645e-01,  1.61450673e-02,
        -9.21973228e-01, -3.19039845e-03],
       [ 8.48096848e-01,  9.98642445e-01,  5.20889014e-02,
        -1.12997901e+00,  3.81024182e-01],
       [ 7.07858205e-01,  9.99506235e-01,  3.14216018e-02,
        -3.45746517e-01, -6.08963370e-01],
       [ 5.57497203e-01,  9.99798596e-01,  2.00702902e-02,
        -1.08598518e+00,  4.94794935e-01],
       [ 4.19415683e-01,  9.99429762e-01,  3.37666348e-02,
        -4.48558927e-01, -3.36185724e-01],
       [ 3.08184832e-01,  9.99995112e-01,  3.12696747e-03,
        -6.63046122e-01,  1.41965663e-02],
       [ 1.72280282e-01,  9.99493361e-01,  3.18273976e-02,
        -8.47593188e-01,  3.17864954e-01],
       [ 4.87655066e-02,  9.98805165e-01,  4.88694347e-02,
        -4.52952802e-01, -1.30004108e-01],
       [-4.37651910e-02,  9.98639405e-01,  5.21474145e-02,
        -5.75230956e-01,  1.67963475e-01],
       [-1.16777606e-01,  9.98698175e-01,  5.10087833e-02,
        -2.35998720e-01, -1.81151226e-01],
       [-1.67553410e-01,  9.99168336e-01,  4.07754183e-02,
        -3.27966064e-01,  6.26542866e-02],
       [-2.30200335e-01,  9.97869551e-01,  6.52409717e-02,
        -3.32006067e-01,  2.07048252e-01],
       [-2.44388714e-01,  9.98463631e-01,  5.54109327e-02,
         1.43003881e-01, -3.42192858e-01],
       [-2.51249373e-01,  9.98667836e-01,  5.16002998e-02,
        -2.15136141e-01,  3.00195426e-01],
       [-2.55537808e-01,  9.97754335e-01,  6.69796616e-02,
         1.61228374e-01, -1.01232253e-01],
       [-2.08901793e-01,  9.99425054e-01,  3.39057893e-02,
         3.88088137e-01, -3.02800804e-01],
       [-1.46531299e-01,  9.99985814e-01, -5.32539608e-03,
         3.05729449e-01, -1.51118711e-01],
       [-1.11543119e-01,  9.99985039e-01, -5.47404122e-03,
         8.30344111e-02,  1.49393663e-01],
       [-7.47360438e-02,  9.99939084e-01, -1.10392598e-02,
         3.26044828e-01, -2.13771299e-01],
       [-3.72933969e-02,  9.99783814e-01, -2.07930245e-02,
         6.83080554e-02,  1.06357642e-01],
       [-8.22854228e-03,  9.99476910e-01, -3.23406309e-02,
         2.73852259e-01, -2.47234896e-01],
       [-4.01470857e-03,  9.99815643e-01, -1.92022938e-02,
        -2.29784101e-01,  3.91970724e-01],
       [-7.19717145e-03,  9.99976158e-01, -6.90659508e-03,
         1.89773038e-01, -2.33253509e-01],
       [ 2.04296247e-03,  9.99872386e-01, -1.59770865e-02,
        -8.69107768e-02,  1.28293708e-01],
       [-3.40712769e-03,  9.99945641e-01, -1.04279881e-02,
         2.62375213e-02, -6.40907437e-02],
       [-1.67437699e-02,  9.99997854e-01,  2.07770918e-03,
        -1.74680144e-01,  2.08770096e-01],
       [-2.96399835e-02,  9.99886572e-01,  1.50626432e-02,
         2.27009133e-02, -5.03678881e-02],
       [-2.90274639e-02,  9.99901295e-01,  1.40510919e-02,
        -1.54743986e-02,  3.80275361e-02],
       [-1.23954359e-02,  9.99983966e-01, -5.66146011e-03,
         2.23737493e-01, -2.92479813e-01],
       [ 7.54574663e-04,  9.99744952e-01, -2.25841068e-02,
        -7.72666782e-02,  9.66494530e-02],
       [-1.09485034e-02,  9.99920309e-01, -1.26256095e-02,
        -5.29746525e-02,  1.85762793e-02],
       [-3.63137797e-02,  9.99927819e-01,  1.20158596e-02,
        -2.29371399e-01,  2.66503572e-01],
       [-4.20246944e-02,  9.99917746e-01,  1.28260106e-02,
         1.57964692e-01, -2.56035984e-01],
       [-4.48587537e-02,  9.99905288e-01,  1.37648098e-02,
        -1.89468443e-01,  2.66888529e-01],
       [-3.63067053e-02,  9.99993742e-01,  3.53748398e-03,
         2.90277421e-01, -3.91649812e-01],
       [-1.89174507e-02,  9.99826074e-01, -1.86514966e-02,
        -9.65932384e-02,  1.34897068e-01],
       [-2.42411029e-02,  9.99888659e-01, -1.49226869e-02,
         3.38872969e-02, -8.94081742e-02],
       [-4.22535278e-02,  1.00000000e+00, -8.89849689e-05,
        -2.23814547e-01,  2.52724856e-01],
       [-5.46405129e-02,  9.99975502e-01,  7.00139441e-03,
         7.79412538e-02, -1.66228607e-01],
       [-6.92002997e-02,  9.99801934e-01,  1.99021529e-02,
        -2.39977837e-01,  3.15470248e-01],
       [-6.88822567e-02,  9.99813497e-01,  1.93135552e-02,
         2.43724689e-01, -3.22642237e-01],
       [-4.58828807e-02,  9.99980688e-01, -6.21671649e-03,
        -1.31400563e-02,  5.43662496e-02],
       [-4.74695265e-02,  9.99999046e-01,  1.36148394e-03,
        -5.67550352e-03,  3.80691811e-02]], dtype=float32), 'action': array([-0.21418604,  0.5926918 ,  0.46234536,  0.47204223,  0.47497448,
        0.36227956, -0.28847766, -0.41530508, -0.32725903,  0.3716604 ,
        0.13871844, -0.05419916, -0.22458193, -0.10486206,  0.42796168,
       -0.36150944,  0.36642522, -0.10924099, -0.10438577,  0.21666582,
       -0.06648502,  0.19760357, -0.049452  ,  0.00143417,  0.3300601 ,
       -0.19046544,  0.24622425,  0.14087527, -0.04610436, -0.12773424,
        0.13842909, -0.14078267,  0.12261245, -0.27476195,  0.2689087 ,
       -0.15903962,  0.06380121, -0.11520737,  0.12009184, -0.02210191,
        0.15413529, -0.17313501,  0.01267382, -0.10091868,  0.24996367,
       -0.19779664,  0.29105836, -0.22179055,  0.07783078, -0.1401973 ,
        0.18292807, -0.18090926,  0.29421967, -0.13184617,  0.00435024,
        0.05045506], dtype=float32), 'dt': array([15, 19, 18, 18, 19, 21, 20, 14, 15, 20, 20, 18, 19, 20, 19, 21, 18,
       20, 18, 19, 18, 18, 18, 19, 15, 19, 16, 17, 18, 18, 18, 19, 17, 19,
       16, 18, 18, 18, 17, 17, 16, 18, 18, 18, 16, 18, 17, 18, 17, 19, 17,
       18, 17, 20, 17, 19], dtype=int32), 'latent_action': array([[ 0.76243246,  0.7241714 ],
       [-0.77051747, -0.7496023 ],
       [-0.74134415, -0.7691333 ],
       [-0.7333349 , -0.7892671 ],
       [-0.78387845, -0.72866607],
       [-0.7338439 , -0.76820815],
       [ 0.69995725, -0.2561836 ],
       [ 0.7498591 ,  0.47259983],
       [ 0.7068623 ,  0.33346617],
       [-0.14600235, -0.6415745 ],
       [ 0.10848672, -0.7484486 ],
       [ 0.36496016, -0.75505   ],
       [ 0.5008655 , -0.74895906],
       [ 0.33858815, -0.77640074],
       [-0.37558284, -0.78      ],
       [ 0.7321221 , -0.8012978 ],
       [-0.28830686, -0.76417404],
       [ 0.4236592 , -0.75374717],
       [ 0.2826888 , -0.7449187 ],
       [-0.233134  , -0.776865  ],
       [ 0.3757615 , -0.7516716 ],
       [-0.13411765, -0.7613687 ],
       [ 0.29408768, -0.7953657 ],
       [ 0.06755593, -0.7489107 ],
       [-0.36570308, -0.7916484 ],
       [ 0.43144292, -0.77133006],
       [-0.4625571 , -0.73855543],
       [-0.01309736, -0.7357452 ],
       [ 0.34067693, -0.7566668 ],
       [ 0.22726627, -0.79064894],
       [-0.09828082, -0.77799773],
       [ 0.35737094, -0.74230504],
       [ 0.03834943, -0.7679135 ],
       [ 0.6070676 , -0.7722163 ],
       [-0.28820843, -0.76583457],
       [ 0.43397814, -0.7813535 ],
       [ 0.09088165, -0.77582735],
       [ 0.34201014, -0.7828934 ],
       [-0.09316424, -0.7855637 ],
       [ 0.1607157 , -0.70022607],
       [ 0.01321754, -0.7569383 ],
       [ 0.547228  , -0.76476645],
       [ 0.0917493 , -0.740275  ],
       [ 0.23946054, -0.7386129 ],
       [-0.22611734, -0.77702284],
       [ 0.42892948, -0.7859975 ],
       [-0.29149145, -0.7711161 ],
       [ 0.54337484, -0.7797103 ],
       [ 0.10260241, -0.7683371 ],
       [ 0.40616146, -0.77038145],
       [-0.13216905, -0.7550664 ],
       [ 0.39637804, -0.7960054 ],
       [-0.37762988, -0.7386072 ],
       [ 0.4965199 , -0.75542754],
       [ 0.18146874, -0.75079685],
       [ 0.12620035, -0.7529346 ]], dtype=float32), 'hybrid_action': array([[-0.21418604, -0.05480174],
       [ 0.5926918 ,  0.23270951],
       [ 0.46234536,  0.16693531],
       [ 0.47204223,  0.19773118],
       [ 0.47497448,  0.23128845],
       [ 0.36227956,  0.40162802],
       [-0.28847766,  0.2791741 ],
       [-0.41530508, -0.1253224 ],
       [-0.32725903, -0.03223613],
       [ 0.3716604 ,  0.28597933],
       [ 0.13871844,  0.31318414],
       [-0.05419916,  0.20665683],
       [-0.22458193,  0.24866688],
       [-0.10486206,  0.30781928],
       [ 0.42796168,  0.2077068 ],
       [-0.36150944,  0.39777675],
       [ 0.36642522,  0.17201704],
       [-0.10924099,  0.27614713],
       [-0.10438577,  0.19196415],
       [ 0.21666582,  0.25814158],
       [-0.06648502,  0.15729737],
       [ 0.19760357,  0.1829031 ],
       [-0.049452  ,  0.15835284],
       [ 0.00143417,  0.21651323],
       [ 0.3300601 , -0.04239481],
       [-0.19046544,  0.21068326],
       [ 0.24622425,  0.05888749],
       [ 0.14087527,  0.10903125],
       [-0.04610436,  0.1930464 ],
       [-0.12773424,  0.14724493],
       [ 0.13842909,  0.18284355],
       [-0.14078267,  0.22461629],
       [ 0.12261245,  0.10995792],
       [-0.27476195,  0.22613747],
       [ 0.2689087 ,  0.0217222 ],
       [-0.15903962,  0.19702718],
       [ 0.06380121,  0.17845133],
       [-0.11520737,  0.18090613],
       [ 0.12009184,  0.08454616],
       [-0.02210191,  0.10421412],
       [ 0.15413529,  0.06183172],
       [-0.17313501,  0.18452129],
       [ 0.01267382,  0.14290142],
       [-0.10091868,  0.17213576],
       [ 0.24996367,  0.0642651 ],
       [-0.19779664,  0.16562557],
       [ 0.29105836,  0.09398903],
       [-0.22179055,  0.19530894],
       [ 0.07783078,  0.08929003],
       [-0.1401973 ,  0.23477359],
       [ 0.18292807,  0.08263199],
       [-0.18090926,  0.15463659],
       [ 0.29421967,  0.09472581],
       [-0.13184617,  0.28946897],
       [ 0.00435024,  0.09105302],
       [ 0.05045506,  0.20695648]], dtype=float32)}",10.743185475461395,56.00000000000001
4400,804.8995759254487,"{0: [0, 0, 0, 0, 0, 0, 0, 0, 0, 0, 0, 2, 7, 10, 5, 25, 128, 201, 132, 35, 7, 5, 4, 0, 0, 0, 0, 0, 0, 0]}",[804.8995759254487],"{'state': array([[ 0.00000000e+00,  0.00000000e+00,  0.00000000e+00,
         0.00000000e+00,  0.00000000e+00],
       [-3.31460387e-02, -9.99826312e-01,  1.86359882e-02,
        -1.78928360e-01, -2.15699270e-01],
       [ 1.89548731e-02, -9.97665465e-01, -6.82907104e-02,
         7.55863070e-01,  1.14124370e+00],
       [ 2.45693102e-01, -9.34115648e-01, -3.56970459e-01,
         1.62186396e+00,  1.82271397e+00],
       [ 5.87008893e-01, -7.85745203e-01, -6.18550301e-01,
         2.38775563e+00,  1.58585489e+00],
       [ 1.05209422e+00, -6.52763665e-01, -7.57561564e-01,
         3.08397818e+00,  6.01513803e-01],
       [ 1.72735703e+00, -6.85885131e-01, -7.27709830e-01,
         3.66797304e+00, -1.02912164e+00],
       [ 1.85242367e+00, -9.38148201e-01,  3.46233994e-01,
        -5.88170826e-01, -6.93039894e+00],
       [ 1.76174605e+00, -4.08975780e-01,  9.12545204e-01,
        -9.03161764e-01, -6.10728216e+00],
       [ 1.58420599e+00,  3.72405648e-01,  9.28070068e-01,
        -1.35577810e+00, -3.84098673e+00],
       [ 1.39224207e+00,  7.78120697e-01,  6.28114760e-01,
        -9.16104555e-01, -2.31579709e+00],
       [ 1.25375164e+00,  9.46102858e-01,  3.23866248e-01,
        -5.40147901e-01, -1.51640105e+00],
       [ 1.13952720e+00,  9.92594004e-01,  1.21478744e-01,
        -6.59189880e-01, -7.67907202e-01],
       [ 1.00675154e+00,  9.99725699e-01,  2.34199166e-02,
        -8.14185262e-01, -3.69414657e-01],
       [ 8.18487644e-01,  9.99932289e-01, -1.16372472e-02,
        -1.06764400e+00,  1.02365634e-03],
       [ 5.39745510e-01,  9.96373415e-01,  8.50881636e-02,
        -1.72185123e+00,  1.01575029e+00],
       [ 3.02926183e-01,  9.83591616e-01,  1.80409506e-01,
        -7.73476660e-01,  4.66288961e-02],
       [ 2.34997332e-01,  9.91911769e-01,  1.26929089e-01,
         2.00142860e-02, -6.74442470e-01],
       [ 2.27780581e-01,  9.98855591e-01,  4.78272922e-02,
        -1.03464745e-01, -2.93878764e-01],
       [ 2.14407280e-01,  9.99998450e-01, -1.74729584e-03,
        -5.28989881e-02, -3.11025858e-01],
       [ 1.59163222e-01,  9.99996841e-01,  2.51696236e-03,
        -5.28703690e-01,  3.57962608e-01],
       [ 1.07096307e-01,  9.99994576e-01,  3.29130143e-03,
        -1.93941016e-02, -3.49424005e-01],
       [ 3.84958871e-02,  9.99515772e-01,  3.11168674e-02,
        -7.03301132e-01,  6.55738950e-01],
       [-2.08542719e-02,  9.97819901e-01,  6.59962073e-02,
         4.31864383e-03, -2.29380235e-01],
       [-1.85083207e-02,  9.99385357e-01,  3.50558534e-02,
         2.23852601e-02, -1.29017577e-01],
       [ 5.54124266e-03,  9.99928296e-01, -1.19766062e-02,
         2.45808005e-01, -4.15211022e-01],
       [-1.26046622e-02,  9.99997973e-01, -2.01137480e-03,
        -4.37028378e-01,  5.24934471e-01],
       [-2.41643656e-02,  9.99996603e-01, -2.61777639e-03,
         3.08588892e-01, -5.31932890e-01],
       [-2.87181530e-02,  9.99828160e-01, -1.85362864e-02,
        -3.53742778e-01,  3.64581734e-01],
       [-7.35949799e-02,  9.99815524e-01,  1.92057658e-02,
        -1.45674914e-01,  7.20855296e-02],
       [-1.03165664e-01,  9.99077797e-01,  4.29365523e-02,
        -1.83377907e-01,  2.02575207e-01],
       [-9.06174332e-02,  9.99738872e-01,  2.28512753e-02,
         3.31406415e-01, -4.47799623e-01],
       [-6.31691888e-02,  9.99956787e-01, -9.29784961e-03,
        -4.17707972e-02,  9.38458517e-02],
       [-6.39912486e-02,  9.99993861e-01, -3.50472913e-03,
         3.25153396e-02, -2.68232375e-02],
       [-6.96204901e-02,  9.99968708e-01,  7.90821947e-03,
        -9.52979252e-02,  1.58856243e-01],
       [-5.85143715e-02,  9.99995887e-01, -2.85922107e-03,
         2.26165950e-01, -2.90191382e-01],
       [-5.36578968e-02,  9.99985397e-01, -5.40485326e-03,
        -1.74982786e-01,  2.62153357e-01],
       [-6.33035451e-02,  9.99939859e-01,  1.09676421e-02,
         6.74641877e-02, -7.27267265e-02],
       [-4.13092971e-02,  9.99885559e-01, -1.51289795e-02,
         1.64624423e-01, -2.14577988e-01],
       [-4.02896665e-02,  9.99840677e-01, -1.78496297e-02,
        -1.54359475e-01,  1.85973108e-01],
       [-5.69316149e-02,  9.99997139e-01, -2.38426263e-03,
        -4.17328924e-02,  2.67382362e-03],
       [-5.59978522e-02,  9.99893785e-01, -1.45749925e-02,
         5.29562458e-02, -1.51370928e-01],
       [-6.71142042e-02,  9.99821484e-01, -1.88949760e-02,
        -1.64015859e-01,  1.05960973e-01],
       [-1.07758068e-01,  9.99877274e-01,  1.56647675e-02,
        -3.14823389e-01,  3.15599769e-01],
       [-1.30980983e-01,  9.99532700e-01,  3.05685159e-02,
         4.13093641e-02, -1.33714244e-01],
       [-1.30448207e-01,  9.99743819e-01,  2.26340964e-02,
        -3.48853916e-02,  3.69045846e-02],
       [-1.12388372e-01,  9.99998450e-01, -1.74905604e-03,
         2.36056089e-01, -3.19031328e-01],
       [-1.17782064e-01,  9.99963224e-01,  8.57864600e-03,
        -2.93049723e-01,  4.32721972e-01],
       [-1.20203786e-01,  9.99849141e-01,  1.73687562e-02,
         2.64375091e-01, -3.25456411e-01],
       [-1.11381449e-01,  9.99837279e-01,  1.80401225e-02,
        -1.71516106e-01,  3.32836509e-01],
       [-9.37312245e-02,  9.99932885e-01,  1.15839411e-02,
         3.79287630e-01, -4.11603123e-01],
       [-5.32483347e-02,  9.99754727e-01, -2.21458264e-02,
         4.75948341e-02,  4.02110741e-02],
       [-3.88836414e-02,  9.99576867e-01, -2.90868673e-02,
         1.21536143e-01, -1.24895088e-01],
       [-3.20073813e-02,  9.99294102e-01, -3.75671312e-02,
        -4.49528694e-02,  2.67174952e-02],
       [-8.69345963e-02,  9.99589741e-01,  2.86414251e-02,
        -5.34669340e-01,  7.02379227e-01],
       [-1.06140696e-01,  9.98489320e-01,  5.49465902e-02,
         3.20666969e-01, -3.97439837e-01]], dtype=float32), 'action': array([-0.1277433 ,  0.5336581 ,  0.48658532,  0.50910515,  0.47573474,
        0.34882858, -0.26087102, -0.45561332, -0.43398347,  0.27350983,
        0.22728844, -0.05125302, -0.0838422 , -0.13019094, -0.3346076 ,
        0.52357024,  0.4650353 , -0.06885782,  0.03220088, -0.2578755 ,
        0.2762344 , -0.36952096,  0.43184528,  0.01381752,  0.12859161,
       -0.37059125,  0.42629445, -0.3418723 ,  0.1190166 , -0.01942904,
        0.3139797 , -0.20179209,  0.04204505, -0.07295205,  0.1948022 ,
       -0.21770747,  0.13885736,  0.05252405, -0.16542846,  0.06748084,
        0.05673946, -0.11290502, -0.09142803,  0.21721987, -0.04428625,
        0.15569353, -0.28654328,  0.33838847, -0.23503496,  0.33451474,
       -0.18013316,  0.04299438, -0.09753191, -0.26576105,  0.49217436,
       -0.07819578], dtype=float32), 'dt': array([13, 18, 19, 17, 17, 20, 22, 12, 16, 17, 19, 19, 18, 20, 20, 19, 18,
       17, 17, 19, 19, 19, 17, 18, 18, 19, 18, 20, 18, 18, 17, 19, 18, 18,
       17, 19, 18, 19, 20, 17, 17, 20, 17, 17, 17, 18, 19, 17, 19, 17, 19,
       17, 18, 19, 18, 18], dtype=int32), 'latent_action': array([[ 0.74975777,  0.76186633],
       [-0.7512307 , -0.72925913],
       [-0.7659607 , -0.76186633],
       [-0.7350693 , -0.76323515],
       [-0.7665087 , -0.77687883],
       [-0.76065147, -0.7728556 ],
       [ 0.7675135 , -0.65081185],
       [ 0.7560766 ,  0.709311  ],
       [ 0.7708018 ,  0.27672994],
       [-0.21054189, -0.33820915],
       [ 0.02286301, -0.7819369 ],
       [ 0.45181707, -0.7571409 ],
       [ 0.51772213, -0.7737163 ],
       [ 0.5829375 , -0.72015953],
       [ 0.5233571 , -0.7559008 ],
       [-0.7857132 , -0.7603942 ],
       [-0.7466148 , -0.7666348 ],
       [ 0.25239992, -0.76824826],
       [ 0.22414795, -0.78220475],
       [ 0.5596005 , -0.7181048 ],
       [-0.19590998, -0.7459923 ],
       [ 0.5067249 , -0.749524  ],
       [-0.7140322 , -0.778499  ],
       [ 0.16162848, -0.815035  ],
       [ 0.07233939, -0.7478514 ],
       [ 0.6843265 , -0.76038706],
       [-0.42314783, -0.7531925 ],
       [ 0.734412  , -0.76277745],
       [-0.0128831 , -0.77972007],
       [ 0.11288214, -0.75329775],
       [-0.3461311 , -0.7688735 ],
       [ 0.5520791 , -0.73251235],
       [ 0.15305267, -0.7380904 ],
       [ 0.2308042 , -0.7478833 ],
       [-0.04134443, -0.73571575],
       [ 0.5251909 , -0.79014313],
       [-0.07143344, -0.74253654],
       [ 0.20247325, -0.76283836],
       [ 0.4218841 , -0.754737  ],
       [ 0.14301069, -0.76358855],
       [ 0.1155384 , -0.77855027],
       [ 0.44155797, -0.7721962 ],
       [ 0.27518603, -0.7617891 ],
       [-0.17946646, -0.7656913 ],
       [ 0.1518705 , -0.75782263],
       [ 0.04586669, -0.7738581 ],
       [ 0.5776911 , -0.7436284 ],
       [-0.4089036 , -0.7856518 ],
       [ 0.49809533, -0.75835335],
       [-0.4630214 , -0.7531176 ],
       [ 0.57021356, -0.767835  ],
       [ 0.17520891, -0.7679175 ],
       [ 0.46048996, -0.72966176],
       [ 0.40246156, -0.76672214],
       [-0.7672124 , -0.72932124],
       [ 0.26880485, -0.7727275 ]], dtype=float32), 'hybrid_action': array([[-0.1277433 , -0.13954525],
       [ 0.5336581 ,  0.18184489],
       [ 0.48658532,  0.26201794],
       [ 0.50910515,  0.09277139],
       [ 0.47573474,  0.12339114],
       [ 0.34882858,  0.33611774],
       [-0.26087102,  0.47531235],
       [-0.45561332, -0.23570763],
       [-0.43398347,  0.01228611],
       [ 0.27350983,  0.10429248],
       [ 0.22728844,  0.24664257],
       [-0.05125302,  0.25384462],
       [-0.0838422 ,  0.17094322],
       [-0.13019094,  0.27840683],
       [-0.3346076 ,  0.33900604],
       [ 0.52357024,  0.245068  ],
       [ 0.4650353 ,  0.18875332],
       [-0.06885782,  0.08768023],
       [ 0.03220088,  0.10744569],
       [-0.2578755 ,  0.22354186],
       [ 0.2762344 ,  0.20998755],
       [-0.36952096,  0.24160352],
       [ 0.43184528,  0.11862342],
       [ 0.01381752,  0.16437042],
       [ 0.12859161,  0.17011012],
       [-0.37059125,  0.2104648 ],
       [ 0.42629445,  0.16946077],
       [-0.3418723 ,  0.31674904],
       [ 0.1190166 ,  0.16710259],
       [-0.01942904,  0.17261563],
       [ 0.3139797 ,  0.08289716],
       [-0.20179209,  0.2562203 ],
       [ 0.04204505,  0.16140124],
       [-0.07295205,  0.14330451],
       [ 0.1948022 ,  0.12875517],
       [-0.21770747,  0.22949621],
       [ 0.13885736,  0.16189446],
       [ 0.05252405,  0.22682512],
       [-0.16542846,  0.28879192],
       [ 0.06748084,  0.10940674],
       [ 0.05673946,  0.09565076],
       [-0.11290502,  0.30123207],
       [-0.09142803,  0.12649094],
       [ 0.21721987,  0.11861755],
       [-0.04428625,  0.11824755],
       [ 0.15569353,  0.15911245],
       [-0.28654328,  0.2522684 ],
       [ 0.33838847,  0.09928425],
       [-0.23503496,  0.21581204],
       [ 0.33451474,  0.09716408],
       [-0.18013316,  0.2703153 ],
       [ 0.04299438,  0.08658273],
       [-0.09753191,  0.19095232],
       [-0.26576105,  0.23284522],
       [ 0.49217436,  0.1688108 ],
       [-0.07819578,  0.17810358]], dtype=float32)}",8.92117953057882,56.10000000000001
4450,795.1204193140043,"{0: [0, 0, 0, 0, 0, 0, 0, 0, 0, 0, 1, 3, 7, 9, 4, 24, 140, 183, 129, 39, 12, 6, 3, 0, 0, 0, 0, 0, 0, 0]}",[795.1204193140043],"{'state': array([[ 0.00000000e+00,  0.00000000e+00,  0.00000000e+00,
         0.00000000e+00,  0.00000000e+00],
       [-2.00450923e-02, -9.99800503e-01,  1.99734550e-02,
        -2.62153715e-01, -4.04862583e-01],
       [ 2.39928532e-02, -9.98913884e-01, -4.65950742e-02,
         7.00908184e-01,  1.03616416e+00],
       [ 2.30115801e-01, -9.49183524e-01, -3.14723134e-01,
         1.58141613e+00,  1.86471093e+00],
       [ 5.92235327e-01, -7.89580643e-01, -6.13646805e-01,
         2.43422008e+00,  1.74469507e+00],
       [ 1.05559278e+00, -6.44976497e-01, -7.64202416e-01,
         3.01773930e+00,  6.34298980e-01],
       [ 1.72896504e+00, -6.68296635e-01, -7.43894935e-01,
         3.71553946e+00, -9.30274069e-01],
       [ 1.84736478e+00, -9.28911924e-01,  3.70300680e-01,
        -6.20054901e-01, -6.86433268e+00],
       [ 1.74780130e+00, -3.44012827e-01,  9.38964963e-01,
        -8.94960701e-01, -5.82625341e+00],
       [ 1.58886087e+00,  3.58250767e-01,  9.33625400e-01,
        -1.25860178e+00, -3.68331957e+00],
       [ 1.40547466e+00,  7.94663250e-01,  6.07050478e-01,
        -5.89504123e-01, -2.05503035e+00],
       [ 1.35420334e+00,  9.50185299e-01,  3.11685503e-01,
         5.34337014e-02, -1.63764679e+00],
       [ 1.36082315e+00,  9.98867929e-01,  4.75697592e-02,
         1.44048966e-02, -1.06594217e+00],
       [ 1.31122160e+00,  9.96797383e-01, -7.99683407e-02,
        -5.33759356e-01, -3.39571834e-01],
       [ 1.15517890e+00,  9.96061683e-01, -8.86626989e-02,
        -1.10858023e+00,  2.43386880e-01],
       [ 9.05581653e-01,  9.99813020e-01, -1.93365943e-02,
        -1.38900566e+00,  4.86500919e-01],
       [ 6.26842082e-01,  9.97722089e-01,  6.74582869e-02,
        -1.26774013e+00,  3.86878312e-01],
       [ 4.44809586e-01,  9.97993827e-01,  6.33113533e-02,
        -5.52493215e-01, -4.30585444e-01],
       [ 3.27913105e-01,  9.99768019e-01,  2.15395484e-02,
        -7.45508552e-01, -5.30172884e-02],
       [ 1.80518642e-01,  9.99682784e-01,  2.51850411e-02,
        -8.06090891e-01,  9.31580737e-02],
       [ 4.47455496e-02,  9.98958707e-01,  4.56234999e-02,
        -7.91640222e-01,  1.56294465e-01],
       [-8.26812163e-02,  9.97332335e-01,  7.29950219e-02,
        -7.08036363e-01,  1.78177983e-01],
       [-1.57375783e-01,  9.98254418e-01,  5.90606853e-02,
        -2.25377083e-01, -3.58545870e-01],
       [-2.30618581e-01,  9.98878300e-01,  4.73512486e-02,
        -5.45349360e-01,  2.29510054e-01],
       [-2.95895666e-01,  9.98572409e-01,  5.34143224e-02,
        -1.80086955e-01, -1.59238711e-01],
       [-3.35734844e-01,  9.98755455e-01,  4.98756506e-02,
        -2.88539708e-01,  1.16024308e-01],
       [-3.67240041e-01,  9.98478293e-01,  5.51460832e-02,
        -8.22180957e-02, -5.16320355e-02],
       [-3.58552277e-01,  9.99728084e-01,  2.33187433e-02,
         1.85060054e-01, -3.36978346e-01],
       [-3.61182779e-01,  9.99843538e-01,  1.76882278e-02,
        -2.12621897e-01,  2.74979591e-01],
       [-3.75293911e-01,  9.99253631e-01,  3.86286601e-02,
         5.53861409e-02, -3.25693898e-02],
       [-3.58257651e-01,  9.99565840e-01,  2.94643622e-02,
         1.45219818e-01, -7.92802796e-02],
       [-3.40838343e-01,  9.99475837e-01,  3.23732868e-02,
         5.96577339e-02,  1.14773616e-01],
       [-3.06429654e-01,  9.99724627e-01,  2.34672036e-02,
         3.45324516e-01, -2.23462746e-01],
       [-2.56854832e-01,  9.99998569e-01,  1.67596526e-03,
         2.38336697e-01, -4.23539095e-02],
       [-2.14289531e-01,  9.99984086e-01, -5.63668599e-03,
         2.34763488e-01, -4.22459953e-02],
       [-1.82770655e-01,  9.99991596e-01,  4.09994647e-03,
         9.68024954e-02,  1.49435490e-01],
       [-1.53590754e-01,  9.99916852e-01,  1.28969662e-02,
         2.46314913e-01, -4.21229377e-02],
       [-9.03124660e-02,  9.99701560e-01, -2.44304147e-02,
         4.98861432e-01, -4.13190931e-01],
       [-4.30049337e-02,  9.99032021e-01, -4.39886115e-02,
        -4.36657516e-04,  1.97625116e-01],
       [-3.87916639e-02,  9.99712527e-01, -2.39773840e-02,
         4.96137291e-02,  4.65895161e-02],
       [-4.25498933e-02,  9.99999762e-01, -6.85800798e-04,
        -8.96840841e-02,  2.09862947e-01],
       [-4.02949527e-02,  9.99941230e-01,  1.08406395e-02,
         1.15982704e-01, -6.92575499e-02],
       [-1.57509167e-02,  9.99984503e-01, -5.57232229e-03,
         1.57069594e-01, -1.20624773e-01],
       [ 7.77994562e-03,  9.99732316e-01, -2.31370814e-02,
         1.04750797e-01, -8.26076865e-02],
       [ 1.12140831e-02,  9.99772668e-01, -2.13228725e-02,
        -6.66292012e-02,  1.03599243e-01],
       [-3.15312482e-03,  9.99996245e-01, -2.74281437e-03,
        -9.33924764e-02,  1.11370474e-01],
       [-1.37998639e-02,  9.99962151e-01,  8.70149676e-03,
        -1.89308133e-02,  1.46251181e-02],
       [-5.00976900e-03,  9.99987960e-01, -4.91297757e-03,
         1.16879918e-01, -1.72129810e-01],
       [-3.02235654e-04,  9.99885976e-01, -1.50998216e-02,
        -6.70997575e-02,  5.99648394e-02],
       [-2.38576140e-02,  9.99939740e-01,  1.09771574e-02,
        -2.10532844e-01,  2.58117050e-01],
       [-2.97381338e-02,  9.99887586e-01,  1.49941500e-02,
         1.41265497e-01, -2.09101155e-01],
       [-2.17393860e-02,  9.99989808e-01,  4.51842695e-03,
        -5.21706380e-02,  8.79023820e-02],
       [-1.75164435e-02,  9.99998629e-01,  1.64815085e-03,
         1.01906709e-01, -1.22909799e-01],
       [-1.75527371e-02,  9.99982357e-01,  5.94057376e-03,
        -1.02415159e-01,  1.75261810e-01],
       [-1.21640367e-02,  9.99986589e-01,  5.17673884e-03,
         1.62301660e-01, -1.84092909e-01],
       [ 8.17102753e-03,  9.99874771e-01, -1.58238728e-02,
         6.40820041e-02, -5.88746890e-02]], dtype=float32), 'action': array([-0.19061533,  0.49369955,  0.5177312 ,  0.5321579 ,  0.40619183,
        0.4097287 , -0.252856  , -0.40080687, -0.37751836,  0.3601202 ,
        0.3742397 , -0.00874369, -0.29825944, -0.31754494, -0.14819682,
        0.06106285,  0.37294737, -0.10752194, -0.03126715,  0.01116352,
        0.05469358,  0.3150667 , -0.16981447,  0.21241267, -0.06210199,
        0.12856844,  0.16455509, -0.214137  ,  0.15523762,  0.05675913,
       -0.04965389,  0.17490879, -0.06388792, -0.00216878, -0.07481966,
        0.09111798,  0.15252082, -0.27298903,  0.02794979, -0.07635007,
        0.12486987,  0.02368855, -0.03090947, -0.09956012, -0.01614282,
        0.04056065,  0.07781032, -0.10040579, -0.08698882,  0.21389192,
       -0.10995933,  0.09349802, -0.12343862,  0.15179096, -0.05653905,
       -0.10622287], dtype=float32), 'dt': array([15, 20, 18, 18, 17, 20, 23, 13, 15, 20, 19, 21, 19, 19, 20, 21, 20,
       18, 19, 17, 17, 16, 19, 18, 17, 17, 17, 19, 18, 17, 17, 17, 17, 18,
       19, 17, 17, 19, 17, 19, 17, 18, 18, 18, 18, 19, 18, 19, 17, 17, 18,
       17, 17, 18, 18, 18], dtype=int32), 'latent_action': array([[ 0.7627629 ,  0.7260435 ],
       [-0.77784824, -0.7665544 ],
       [-0.75808   , -0.75407183],
       [-0.7558296 , -0.77255625],
       [-0.76570046, -0.7592055 ],
       [-0.78913975, -0.7724663 ],
       [ 0.74031806, -0.63868165],
       [ 0.7425802 ,  0.60370135],
       [ 0.7626871 ,  0.28302383],
       [-0.37694138, -0.75444716],
       [-0.36778978, -0.7490449 ],
       [ 0.39752108, -0.7770369 ],
       [ 0.75440264, -0.30148235],
       [ 0.7599411 , -0.6416662 ],
       [ 0.43596837, -0.7255126 ],
       [ 0.07548442, -0.7586808 ],
       [-0.38847563, -0.7731372 ],
       [ 0.41658926, -0.7928061 ],
       [ 0.26145336, -0.7444384 ],
       [ 0.13913175, -0.76192254],
       [ 0.05240482, -0.74414563],
       [-0.24526794, -0.7267235 ],
       [ 0.46018875, -0.76490057],
       [-0.12356716, -0.7705766 ],
       [ 0.2719275 , -0.7843201 ],
       [-0.00688066, -0.75338733],
       [ 0.0568816 , -0.73649263],
       [ 0.47854754, -0.7440311 ],
       [-0.09226337, -0.78420806],
       [ 0.13884185, -0.7283169 ],
       [ 0.2710087 , -0.7560495 ],
       [-0.19484481, -0.7766835 ],
       [ 0.3148079 , -0.72880214],
       [ 0.16674909, -0.7688129 ],
       [ 0.24583925, -0.758965  ],
       [-0.02961836, -0.75563365],
       [-0.02675842, -0.76883364],
       [ 0.67645574, -0.7450098 ],
       [ 0.08638503, -0.7827356 ],
       [ 0.25242853, -0.76941884],
       [-0.04947422, -0.7369995 ],
       [ 0.08170002, -0.7132783 ],
       [ 0.26350644, -0.75622916],
       [ 0.34412673, -0.76230514],
       [ 0.22258656, -0.7529423 ],
       [ 0.12823959, -0.76003027],
       [ 0.11262939, -0.76613796],
       [ 0.33958384, -0.75428116],
       [ 0.24397548, -0.72278035],
       [-0.25509873, -0.727499  ],
       [ 0.3014413 , -0.77982235],
       [-0.01509276, -0.76347166],
       [ 0.28536648, -0.78328824],
       [-0.11031634, -0.7756156 ],
       [ 0.21329822, -0.73004925],
       [ 0.3832842 , -0.7494789 ]], dtype=float32), 'hybrid_action': array([[-0.19061533, -0.06338913],
       [ 0.49369955,  0.31892723],
       [ 0.5177312 ,  0.18473092],
       [ 0.5321579 ,  0.1915953 ],
       [ 0.40619183,  0.08832521],
       [ 0.4097287 ,  0.2793811 ],
       [-0.252856  ,  0.49730402],
       [-0.40080687, -0.18673249],
       [-0.37751836, -0.06792018],
       [ 0.3601202 ,  0.30144033],
       [ 0.3742397 ,  0.2356266 ],
       [-0.00874369,  0.35247335],
       [-0.29825944,  0.24860403],
       [-0.31754494,  0.23066545],
       [-0.14819682,  0.2842833 ],
       [ 0.06106285,  0.36008212],
       [ 0.37294737,  0.2919917 ],
       [-0.10752194,  0.17242494],
       [-0.03126715,  0.24486576],
       [ 0.01116352,  0.13285956],
       [ 0.05469358,  0.1175907 ],
       [ 0.3150667 ,  0.02589614],
       [-0.16981447,  0.23896265],
       [ 0.21241267,  0.16217655],
       [-0.06210199,  0.13594076],
       [ 0.12856844,  0.1002987 ],
       [ 0.16455509,  0.10200547],
       [-0.214137  ,  0.22153856],
       [ 0.15523762,  0.18355241],
       [ 0.05675913,  0.10880628],
       [-0.04965389,  0.13308312],
       [ 0.17490879,  0.12187431],
       [-0.06388792,  0.12355781],
       [-0.00216878,  0.16948284],
       [-0.07481966,  0.23870012],
       [ 0.09111798,  0.12470528],
       [ 0.15252082,  0.0762829 ],
       [-0.27298903,  0.22974494],
       [ 0.02794979,  0.13738541],
       [-0.07635007,  0.2357924 ],
       [ 0.12486987,  0.09994423],
       [ 0.02368855,  0.1438569 ],
       [-0.03090947,  0.17787546],
       [-0.09956012,  0.18533704],
       [-0.01614282,  0.17360933],
       [ 0.04056065,  0.24002235],
       [ 0.07781032,  0.16596682],
       [-0.10040579,  0.20902121],
       [-0.08698882,  0.0964146 ],
       [ 0.21389192,  0.09322152],
       [-0.10995933,  0.1673629 ],
       [ 0.09349802,  0.10539274],
       [-0.12343862,  0.13686779],
       [ 0.15179096,  0.16773184],
       [-0.05653905,  0.18574338],
       [-0.10622287,  0.18177119]], dtype=float32)}",5.276866228445318,56.00000000000001
4500,804.5501385905785,"{0: [0, 0, 0, 0, 0, 0, 0, 0, 0, 0, 0, 7, 7, 15, 6, 27, 126, 194, 120, 46, 13, 4, 0, 0, 0, 0, 0, 0, 0, 0]}",[804.5501385905785],"{'state': array([[ 0.00000000e+00,  0.00000000e+00,  0.00000000e+00,
         0.00000000e+00,  0.00000000e+00],
       [-2.13177949e-02, -9.99717414e-01,  2.37728078e-02,
        -1.45465434e-01, -2.03636155e-01],
       [ 3.33269127e-02, -9.98077869e-01, -6.19724728e-02,
         7.18660712e-01,  1.06421149e+00],
       [ 2.18076423e-01, -9.53574657e-01, -3.01156819e-01,
         1.44847476e+00,  1.68988800e+00],
       [ 5.31222820e-01, -8.24467182e-01, -5.65909743e-01,
         2.22893476e+00,  1.64577579e+00],
       [ 9.98754680e-01, -6.78689063e-01, -7.34425724e-01,
         2.96509218e+00,  7.34874845e-01],
       [ 1.66786981e+00, -6.75292552e-01, -7.37549961e-01,
         3.72609282e+00, -6.90819561e-01],
       [ 1.87261224e+00, -9.89457309e-01,  1.44824669e-01,
        -6.16800666e-01, -6.98466682e+00],
       [ 1.76541996e+00, -5.08411586e-01,  8.61114204e-01,
        -9.93979275e-01, -6.42312860e+00],
       [ 1.55893910e+00,  3.60976785e-01,  9.32574809e-01,
        -1.47861624e+00, -4.07160521e+00],
       [ 1.33343232e+00,  7.44662642e-01,  6.67441070e-01,
        -1.54477310e+00, -2.28215194e+00],
       [ 1.07564259e+00,  9.20521438e-01,  3.90692085e-01,
        -1.16844618e+00, -1.32715690e+00],
       [ 8.75702024e-01,  9.74988043e-01,  2.22257301e-01,
        -1.05077732e+00, -7.19291151e-01],
       [ 6.87757909e-01,  9.90695775e-01,  1.36095241e-01,
        -1.03592074e+00, -2.93329686e-01],
       [ 4.98417556e-01,  9.94867623e-01,  1.01184957e-01,
        -9.56394732e-01, -9.36739370e-02],
       [ 3.31983358e-01,  9.96293306e-01,  8.60210285e-02,
        -7.95213878e-01, -7.40229413e-02],
       [ 1.93126872e-01,  9.96299267e-01,  8.59518126e-02,
        -7.47635305e-01,  7.32200667e-02],
       [ 8.89710337e-02,  9.97192264e-01,  7.48837441e-02,
        -4.09417778e-01, -2.01743588e-01],
       [ 7.45601021e-03,  9.98249352e-01,  5.91456071e-02,
        -4.48296487e-01,  2.81245373e-02],
       [-5.07633388e-02,  9.98996317e-01,  4.47917357e-02,
        -1.98284432e-01, -1.94448486e-01],
       [-9.48818699e-02,  9.99529421e-01,  3.06739975e-02,
        -2.91630149e-01,  3.10226586e-02],
       [-1.37410074e-01,  9.99480426e-01,  3.22318338e-02,
        -2.08733454e-01, -1.20091094e-02],
       [-1.83644995e-01,  9.98823166e-01,  4.85004932e-02,
        -2.78301716e-01,  1.91235825e-01],
       [-2.09325314e-01,  9.98090327e-01,  6.17710017e-02,
        -4.29564416e-02, -1.96366068e-02],
       [-1.98402092e-01,  9.99059856e-01,  4.33514826e-02,
         1.79841563e-01, -2.18495145e-01],
       [-1.64088920e-01,  9.99973714e-01,  7.24942517e-03,
         2.24550277e-01, -2.22023502e-01],
       [-1.51321337e-01,  9.99959648e-01,  8.98296759e-03,
        -9.01876315e-02,  2.41100192e-01],
       [-1.35561526e-01,  9.99956608e-01,  9.31740180e-03,
         2.65284419e-01, -2.37222105e-01],
       [-1.15259990e-01,  9.99961436e-01,  8.78119934e-03,
        -5.15674688e-02,  2.31311038e-01],
       [-1.04699656e-01,  9.99724329e-01,  2.34802272e-02,
         1.75512269e-01, -5.19733280e-02],
       [-6.47750571e-02,  9.99992847e-01,  3.78413219e-03,
         2.94575572e-01, -1.88301250e-01],
       [-2.42696926e-02,  9.99944806e-01, -1.05037605e-02,
         1.32113025e-01,  3.09947245e-02],
       [ 9.27198306e-03,  9.99714136e-01, -2.39098035e-02,
         2.62755066e-01, -1.94527149e-01],
       [ 3.54279503e-02,  9.99411523e-01, -3.43023129e-02,
         1.28056481e-02,  8.00385922e-02],
       [ 2.68659759e-02,  9.99941170e-01, -1.08446628e-02,
        -1.13996089e-01,  2.06178203e-01],
       [ 2.35719923e-02,  9.99999940e-01,  3.76504759e-04,
         7.71604702e-02, -7.63565972e-02],
       [ 2.26359405e-02,  9.99963701e-01,  8.52230564e-03,
        -8.71895924e-02,  1.66030481e-01],
       [ 3.87885943e-02,  9.99974966e-01, -7.07696797e-03,
         2.89382160e-01, -3.67381722e-01],
       [ 5.41131720e-02,  9.99702811e-01, -2.43783370e-02,
        -1.27679616e-01,  1.76831335e-01],
       [ 3.32500748e-02,  9.99999642e-01,  8.52607365e-04,
        -1.04656667e-01,  1.15087569e-01],
       [ 1.75860580e-02,  9.99827266e-01,  1.85860824e-02,
        -6.97573870e-02,  9.00836140e-02],
       [ 2.29112357e-02,  9.99916255e-01,  1.29393432e-02,
         1.32515565e-01, -1.58969268e-01],
       [ 4.78317589e-02,  9.99871314e-01, -1.60435867e-02,
         1.30440712e-01, -1.60116658e-01],
       [ 4.49067131e-02,  9.99941051e-01, -1.08594680e-02,
        -1.63045689e-01,  2.20097035e-01],
       [ 3.87224406e-02,  9.99983370e-01, -5.76662691e-03,
         9.01863202e-02, -1.57971665e-01],
       [ 3.72819789e-02,  9.99939978e-01, -1.09583586e-02,
        -1.06080145e-01,  9.78990942e-02],
       [ 2.81110462e-02,  9.99953032e-01, -9.68909077e-03,
         4.15290613e-03, -8.32120031e-02],
       [ 1.36893429e-02,  9.99995768e-01, -2.89944769e-03,
        -1.84547901e-01,  1.70851216e-01],
       [-4.09361487e-03,  9.99981403e-01,  6.10340759e-03,
        -1.32305007e-02, -6.66918233e-02],
       [-2.54377369e-02,  9.99706924e-01,  2.42094398e-02,
        -2.38226578e-01,  2.87545353e-01],
       [-3.00827399e-02,  9.99614239e-01,  2.77745556e-02,
         1.86533317e-01, -2.46264011e-01],
       [-1.15320282e-02,  9.99948263e-01,  1.01710390e-02,
         9.12307389e-03,  5.24412580e-02],
       [ 9.90965217e-03,  9.99958158e-01, -9.14743729e-03,
         2.59252518e-01, -3.01799446e-01],
       [ 2.58614197e-02,  9.99732018e-01, -2.31497511e-02,
        -9.10230130e-02,  1.47588924e-01],
       [ 2.26806756e-02,  9.99796689e-01, -2.01641191e-02,
         5.56176417e-02, -1.13039762e-01],
       [-9.50377341e-03,  9.99866724e-01,  1.63241699e-02,
        -3.95195395e-01,  5.14784932e-01],
       [-1.86190028e-02,  9.99673069e-01,  2.55691689e-02,
         2.87759751e-01, -4.01927978e-01]], dtype=float32), 'action': array([-0.109541  ,  0.46698886,  0.456132  ,  0.51258236,  0.47384098,
        0.44284898, -0.33619612, -0.4594015 , -0.45292425, -0.05624618,
        0.2303782 ,  0.0863081 ,  0.02043515,  0.05118645,  0.09378316,
        0.03311216,  0.19904493, -0.01649723,  0.14659318, -0.05079959,
        0.0523615 , -0.03494607,  0.1552103 ,  0.14696796,  0.02882962,
       -0.17002627,  0.20395112, -0.1711059 ,  0.13860585,  0.07304267,
       -0.08827573,  0.07791164, -0.13747796, -0.07833968,  0.10896913,
       -0.08877183,  0.24222948, -0.22713302,  0.01235014,  0.020628  ,
        0.12355983, -0.00122468, -0.16879305,  0.15273498, -0.11283373,
        0.0623315 , -0.12179698,  0.09809066, -0.13517575,  0.24475114,
       -0.09484822,  0.16090114, -0.19096226,  0.0823749 , -0.2444862 ,
        0.4149532 , -0.18721865], dtype=float32), 'dt': array([15, 19, 17, 17, 18, 20, 21, 13, 17, 15, 19, 18, 18, 19, 19, 18, 18,
       19, 18, 18, 17, 19, 16, 16, 17, 19, 18, 19, 17, 17, 19, 17, 19, 17,
       18, 19, 16, 19, 18, 18, 17, 19, 18, 17, 18, 18, 16, 18, 17, 18, 19,
       16, 19, 18, 19, 17, 20], dtype=int32), 'latent_action': array([[ 0.75624156,  0.7199396 ],
       [-0.7866777 , -0.7390902 ],
       [-0.7943697 , -0.7896594 ],
       [-0.77842474, -0.7210133 ],
       [-0.75737137, -0.76928365],
       [-0.77469707, -0.76136124],
       [ 0.7965847 , -0.6312997 ],
       [ 0.75437194,  0.7189876 ],
       [ 0.73863673,  0.117647  ],
       [ 0.11516073,  0.08106293],
       [-0.08023454, -0.76889545],
       [ 0.12051094, -0.7652663 ],
       [ 0.1954495 , -0.76161355],
       [ 0.17665917, -0.7776449 ],
       [ 0.02352873, -0.7597594 ],
       [ 0.11639497, -0.76940703],
       [-0.10415838, -0.75189686],
       [ 0.28872776, -0.76200557],
       [-0.01718969, -0.741397  ],
       [ 0.3979465 , -0.77807796],
       [ 0.18363246, -0.73764634],
       [ 0.20430468, -0.76076925],
       [-0.19963253, -0.72494173],
       [-0.09231112, -0.7601328 ],
       [ 0.15807551, -0.76417017],
       [ 0.3434632 , -0.75942075],
       [-0.17728059, -0.76945263],
       [ 0.4139688 , -0.77541625],
       [-0.22109735, -0.7681313 ],
       [ 0.05099837, -0.78323257],
       [ 0.23764028, -0.78456855],
       [ 0.13238482, -0.73543274],
       [ 0.43088058, -0.752543  ],
       [ 0.30945843, -0.7357763 ],
       [-0.05515844, -0.74134845],
       [ 0.3284108 , -0.75833595],
       [-0.12877539, -0.7153983 ],
       [ 0.54108286, -0.7286105 ],
       [ 0.15320036, -0.73311347],
       [ 0.07693661, -0.7351569 ],
       [-0.02540631, -0.7459296 ],
       [ 0.22096011, -0.7266575 ],
       [ 0.40653667, -0.8063718 ],
       [ 0.01937798, -0.7922907 ],
       [ 0.3989622 , -0.74409354],
       [ 0.08541068, -0.78892595],
       [ 0.3766869 , -0.7477638 ],
       [ 0.0078384 , -0.78146046],
       [ 0.28462416, -0.76704395],
       [-0.32108158, -0.7982052 ],
       [ 0.24930386, -0.7540094 ],
       [-0.00814261, -0.78691363],
       [ 0.5329952 , -0.7539095 ],
       [ 0.09896677, -0.77570826],
       [ 0.46734557, -0.78503585],
       [-0.58786225, -0.78370374],
       [ 0.4907829 , -0.7293799 ]], dtype=float32), 'hybrid_action': array([[-0.109541  , -0.05251455],
       [ 0.46698886,  0.21704538],
       [ 0.456132  ,  0.12903695],
       [ 0.51258236,  0.12387843],
       [ 0.47384098,  0.13866161],
       [ 0.44284898,  0.300615  ],
       [-0.33619612,  0.39696994],
       [-0.4594015 , -0.18822359],
       [-0.45292425,  0.11144172],
       [-0.05624618, -0.01226788],
       [ 0.2303782 ,  0.24087498],
       [ 0.0863081 ,  0.17310198],
       [ 0.02043515,  0.20517084],
       [ 0.05118645,  0.24182506],
       [ 0.09378316,  0.24135432],
       [ 0.03311216,  0.1528466 ],
       [ 0.19904493,  0.16964693],
       [-0.01649723,  0.26553938],
       [ 0.14659318,  0.14684054],
       [-0.05079959,  0.20671165],
       [ 0.0523615 ,  0.13051476],
       [-0.03494607,  0.21735421],
       [ 0.1552103 ,  0.06782743],
       [ 0.14696796,  0.02867012],
       [ 0.02882962,  0.12131637],
       [-0.17002627,  0.2464512 ],
       [ 0.20395112,  0.13892812],
       [-0.1711059 ,  0.27531922],
       [ 0.13860585,  0.09976264],
       [ 0.07304267,  0.11221837],
       [-0.08827573,  0.27235416],
       [ 0.07791164,  0.07124437],
       [-0.13747796,  0.2136847 ],
       [-0.07833968,  0.11145451],
       [ 0.10896913,  0.14499578],
       [-0.08877183,  0.2229455 ],
       [ 0.24222948,  0.06753864],
       [-0.22713302,  0.25881308],
       [ 0.01235014,  0.13793488],
       [ 0.020628  ,  0.200768  ],
       [ 0.12355983,  0.07065868],
       [-0.00122468,  0.24084269],
       [-0.16879305,  0.20117281],
       [ 0.15273498,  0.11215285],
       [-0.11283373,  0.17499904],
       [ 0.0623315 ,  0.16486119],
       [-0.12179698,  0.06828258],
       [ 0.09809066,  0.15303558],
       [-0.13517575,  0.12534389],
       [ 0.24475114,  0.14138055],
       [-0.09484822,  0.21568996],
       [ 0.16090114,  0.05944698],
       [-0.19096226,  0.2673275 ],
       [ 0.0823749 ,  0.18044162],
       [-0.2444862 ,  0.2749412 ],
       [ 0.4149532 ,  0.12357892],
       [-0.18721865,  0.2890302 ]], dtype=float32)}",6.225584250074316,56.50000000000001
4550,802.8264597889963,"{0: [0, 0, 0, 0, 0, 0, 0, 0, 0, 0, 0, 0, 6, 6, 10, 28, 132, 189, 124, 46, 9, 8, 1, 1, 0, 0, 0, 0, 0, 0]}",[802.8264597889963],"{'state': array([[ 0.00000000e+00,  0.00000000e+00,  0.00000000e+00,
         0.00000000e+00,  0.00000000e+00],
       [-1.30574042e-02, -9.99703944e-01,  2.43310258e-02,
        -2.35676810e-01, -3.28876764e-01],
       [ 2.12031845e-02, -9.99378979e-01, -3.52367908e-02,
         5.94955683e-01,  9.26751435e-01],
       [ 2.03549221e-01, -9.59155619e-01, -2.82878906e-01,
         1.42409241e+00,  1.74240243e+00],
       [ 5.25078118e-01, -8.25605571e-01, -5.64247727e-01,
         2.14148307e+00,  1.57703304e+00],
       [ 9.45698857e-01, -6.95394814e-01, -7.18627930e-01,
         2.80630374e+00,  7.17843890e-01],
       [ 1.54747343e+00, -6.85571253e-01, -7.28005528e-01,
         3.52825928e+00, -5.80797732e-01],
       [ 1.86321092e+00, -9.83004391e-01,  1.83582038e-01,
        -4.85466331e-01, -6.87405729e+00],
       [ 1.76885915e+00, -4.85867441e-01,  8.74032497e-01,
        -9.30229545e-01, -6.33101654e+00],
       [ 1.59018874e+00,  3.64675909e-01,  9.31134522e-01,
        -1.21550035e+00, -3.95477796e+00],
       [ 1.41835082e+00,  8.01434278e-01,  5.98082840e-01,
        -7.08508074e-01, -2.41458631e+00],
       [ 1.29663289e+00,  9.57777619e-01,  2.87510037e-01,
        -5.71927309e-01, -1.41143513e+00],
       [ 1.15818143e+00,  9.92513478e-01,  1.22135155e-01,
        -8.83048713e-01, -4.45161253e-01],
       [ 9.72180963e-01,  9.95848775e-01,  9.10232365e-02,
        -1.07422149e+00,  1.00976206e-01],
       [ 8.20546627e-01,  9.98387396e-01,  5.67684025e-02,
        -5.21137118e-01, -4.79507536e-01],
       [ 6.89956129e-01,  9.99774992e-01,  2.12115739e-02,
        -8.52740824e-01,  8.78762901e-02],
       [ 5.47369123e-01,  9.99880850e-01,  1.54346544e-02,
        -6.48050487e-01, -1.51487216e-01],
       [ 4.02340561e-01,  9.99458253e-01,  3.29116359e-02,
        -9.63730156e-01,  3.53693277e-01],
       [ 2.48916790e-01,  9.96871650e-01,  7.90372416e-02,
        -7.41952777e-01,  1.80940881e-01],
       [ 1.67665467e-01,  9.98539150e-01,  5.40326089e-02,
        -1.60291418e-01, -4.71128553e-01],
       [ 9.63915288e-02,  9.99436080e-01,  3.35781910e-02,
        -5.89525223e-01,  2.45827496e-01],
       [ 3.19023468e-02,  9.99505937e-01,  3.14301550e-02,
        -1.69133425e-01, -2.72041768e-01],
       [-2.69934107e-02,  9.99698281e-01,  2.45622806e-02,
        -4.50669616e-01,  1.96411595e-01],
       [-9.01072323e-02,  9.99148250e-01,  4.12642546e-02,
        -2.50949085e-01, -3.04804766e-03],
       [-1.42238483e-01,  9.98125255e-01,  6.12043664e-02,
        -3.28693181e-01,  2.33997345e-01],
       [-1.63797244e-01,  9.97830570e-01,  6.58345819e-02,
         5.91137037e-02, -1.74072742e-01],
       [-1.45186082e-01,  9.99336123e-01,  3.64315324e-02,
         1.37435809e-01, -1.50068700e-01],
       [-1.20456897e-01,  9.99889195e-01,  1.48863094e-02,
         1.53918311e-01, -1.12817124e-01],
       [-1.06820986e-01,  9.99838412e-01,  1.79758407e-02,
        -2.46980065e-03,  1.48558319e-01],
       [-7.52326250e-02,  9.99999940e-01,  3.80142621e-04,
         3.74441236e-01, -3.63209307e-01],
       [-4.04909924e-02,  9.99791920e-01, -2.03996282e-02,
         1.20178908e-02,  1.22755311e-01],
       [-2.52070967e-02,  9.99791920e-01, -2.03975383e-02,
         1.48863032e-01, -1.22728750e-01],
       [-2.63748541e-02,  9.99978006e-01, -6.63422467e-03,
        -1.62122473e-01,  2.81984180e-01],
       [-2.87725199e-02,  9.99983251e-01,  5.78709785e-03,
         1.35218889e-01, -1.38271987e-01],
       [-7.13665318e-03,  9.99878943e-01, -1.55612975e-02,
         1.05623960e-01, -1.08714283e-01],
       [-1.61234736e-02,  9.99997675e-01,  2.15429184e-03,
        -2.05843210e-01,  3.13680112e-01],
       [-6.20311964e-03,  9.99965131e-01, -8.35205335e-03,
         3.22752148e-01, -4.41823781e-01],
       [-1.60991661e-02,  9.99983191e-01,  5.79369115e-03,
        -4.17331666e-01,  5.84090650e-01],
       [-2.60316581e-02,  9.99768674e-01,  2.15085242e-02,
         3.06625158e-01, -4.02180314e-01],
       [-7.17899064e-03,  9.99990463e-01,  4.37201560e-03,
        -1.07797697e-01,  2.13512704e-01],
       [ 1.31399585e-02,  9.99896467e-01, -1.43887782e-02,
         3.47205102e-01, -4.42341089e-01],
       [ 2.84726340e-02,  9.99460101e-01, -3.28563377e-02,
        -1.93432942e-01,  2.48135224e-01],
       [ 1.61612146e-02,  9.99663949e-01, -2.59231422e-02,
         4.84555885e-02, -1.63540930e-01],
       [-3.60091068e-02,  9.99680221e-01,  2.52873376e-02,
        -5.71328223e-01,  7.01748312e-01],
       [-5.79735823e-02,  9.98995662e-01,  4.48076241e-02,
         3.26830953e-01, -4.75533307e-01],
       [-2.19614040e-02,  9.99996901e-01, -2.48132530e-03,
         9.77582335e-02, -1.01383708e-01],
       [-2.11087726e-02,  9.99994874e-01,  3.20923957e-03,
        -8.93601775e-02,  1.61174193e-01],
       [-2.35369615e-02,  9.99903500e-01,  1.38912359e-02,
         6.05804846e-02, -3.08677405e-02],
       [ 7.99322408e-03,  9.99797404e-01, -2.01279745e-02,
         2.90456712e-01, -3.62708360e-01],
       [ 5.89883747e-03,  9.99908745e-01, -1.35072572e-02,
        -3.11546773e-01,  4.32298213e-01],
       [ 1.13165574e-04,  9.99956608e-01, -9.31751356e-03,
         2.47167185e-01, -3.83814812e-01],
       [-4.90729092e-03,  9.99917388e-01, -1.28539270e-02,
        -2.97280163e-01,  3.46628964e-01],
       [-3.17796841e-02,  9.99941170e-01,  1.08444924e-02,
        -1.79882522e-03, -7.24468157e-02],
       [-3.59354205e-02,  9.99986351e-01,  5.22353500e-03,
        -4.42585833e-02,  7.41583202e-03],
       [-5.50722890e-02,  9.99670506e-01,  2.56675277e-02,
        -1.95326209e-01,  2.56485581e-01],
       [-5.23524359e-02,  9.99725044e-01,  2.34491713e-02,
         2.27363274e-01, -2.83550262e-01]], dtype=float32), 'action': array([-0.17049383,  0.44787636,  0.48604923,  0.44875103,  0.45391425,
        0.4417475 , -0.30067557, -0.5179588 , -0.31752917,  0.2960887 ,
        0.09439081, -0.15621166, -0.09645459,  0.3049223 , -0.1771052 ,
        0.11216936, -0.17892867,  0.13067894,  0.33735895, -0.22967702,
        0.25677583, -0.15068752,  0.11649508, -0.04095242,  0.2538838 ,
        0.04597364,  0.01176549, -0.08830731,  0.22884162, -0.20797297,
        0.07277139, -0.17880587,  0.1700344 , -0.01725843, -0.17861076,
        0.31981498, -0.36323938,  0.41502175, -0.22372411,  0.27513114,
       -0.28008968,  0.14440992, -0.31926888,  0.5161862 , -0.13722257,
       -0.096351  ,  0.09137154,  0.13127284, -0.3112301 ,  0.31876644,
       -0.28118733,  0.16892438, -0.0237305 , -0.09608418,  0.25762713,
       -0.08941934], dtype=float32), 'dt': array([14, 19, 18, 18, 17, 19, 24, 13, 17, 18, 19, 19, 19, 19, 19, 19, 18,
       18, 18, 19, 17, 19, 18, 18, 16, 19, 17, 18, 17, 18, 19, 18, 18, 18,
       18, 17, 21, 18, 19, 17, 20, 17, 20, 18, 17, 20, 17, 18, 20, 18, 20,
       18, 18, 16, 17, 19], dtype=int32), 'latent_action': array([[ 0.73259366,  0.7594167 ],
       [-0.7644749 , -0.72397476],
       [-0.7028024 , -0.7848763 ],
       [-0.7765432 , -0.7606411 ],
       [-0.75031775, -0.7312342 ],
       [-0.7749386 , -0.7511784 ],
       [ 0.76487356, -0.7606615 ],
       [ 0.7657222 ,  0.71854854],
       [ 0.7451948 ,  0.1877009 ],
       [-0.05514778, -0.447377  ],
       [ 0.21548326, -0.73220336],
       [ 0.45296565, -0.78513974],
       [ 0.15588234, -0.7583194 ],
       [-0.28049853, -0.74320805],
       [ 0.4289843 , -0.7941072 ],
       [ 0.1420806 , -0.7598576 ],
       [ 0.41731042, -0.7586585 ],
       [-0.16806942, -0.75263715],
       [-0.35619262, -0.7588674 ],
       [ 0.55573046, -0.75481653],
       [-0.15190442, -0.78090197],
       [ 0.34866098, -0.72988105],
       [-0.01878247, -0.7541106 ],
       [ 0.12080266, -0.822506  ],
       [-0.45953354, -0.73799306],
       [-0.04721184, -0.7394788 ],
       [ 0.11606676, -0.7583879 ],
       [ 0.21312605, -0.7692419 ],
       [-0.18977833, -0.80041814],
       [ 0.5493486 , -0.75952995],
       [ 0.17939036, -0.7556696 ],
       [ 0.49741983, -0.7244625 ],
       [-0.16153352, -0.7633287 ],
       [ 0.26382223, -0.74113685],
       [ 0.36092216, -0.7420669 ],
       [-0.31495893, -0.7508777 ],
       [ 0.67472917, -0.74770236],
       [-0.58017397, -0.76189005],
       [ 0.53309643, -0.7562247 ],
       [-0.25740808, -0.7657801 ],
       [ 0.76054645, -0.7823589 ],
       [ 0.05233259, -0.7463596 ],
       [ 0.53974295, -0.75238836],
       [-0.77889615, -0.77054983],
       [ 0.3807701 , -0.7496217 ],
       [ 0.32883763, -0.76121914],
       [-0.07178885, -0.75757307],
       [ 0.06878182, -0.74349844],
       [ 0.69187796, -0.7839388 ],
       [-0.23838307, -0.76593995],
       [ 0.67057836, -0.76696885],
       [-0.08547593, -0.7734549 ],
       [ 0.14466791, -0.77283406],
       [ 0.21805333, -0.7342538 ],
       [-0.34960502, -0.799223  ],
       [ 0.3411427 , -0.75644976]], dtype=float32), 'hybrid_action': array([[-0.17049383, -0.12641057],
       [ 0.44787636,  0.25087392],
       [ 0.48604923,  0.1655127 ],
       [ 0.44875103,  0.15818708],
       [ 0.45391425,  0.13405572],
       [ 0.4417475 ,  0.26335177],
       [-0.30067557,  0.60797656],
       [-0.5179588 , -0.16277519],
       [-0.31752917,  0.08218437],
       [ 0.2960887 ,  0.20260409],
       [ 0.09439081,  0.25555152],
       [-0.15621166,  0.21893863],
       [-0.09645459,  0.21919814],
       [ 0.3049223 ,  0.24648616],
       [-0.1771052 ,  0.21626577],
       [ 0.11216936,  0.26565677],
       [-0.17892867,  0.20246048],
       [ 0.13067894,  0.19322209],
       [ 0.33735895,  0.17417327],
       [-0.22967702,  0.24613626],
       [ 0.25677583,  0.08619093],
       [-0.15068752,  0.20906655],
       [ 0.11649508,  0.14707857],
       [-0.04095242,  0.17390703],
       [ 0.2538838 ,  0.02076898],
       [ 0.04597364,  0.21685882],
       [ 0.01176549,  0.10756439],
       [-0.08830731,  0.14709581],
       [ 0.22884162,  0.08672907],
       [-0.20797297,  0.17597498],
       [ 0.07277139,  0.2574557 ],
       [-0.17880587,  0.15128462],
       [ 0.1700344 ,  0.19002372],
       [-0.01725843,  0.14873771],
       [-0.17861076,  0.20404638],
       [ 0.31981498,  0.0918363 ],
       [-0.36323938,  0.36761168],
       [ 0.41502175,  0.1498978 ],
       [-0.22372411,  0.20811944],
       [ 0.27513114,  0.10922485],
       [-0.28008968,  0.33094856],
       [ 0.14440992,  0.11542084],
       [-0.31926888,  0.30299684],
       [ 0.5161862 ,  0.18170919],
       [-0.13722257,  0.07757483],
       [-0.096351  ,  0.310306  ],
       [ 0.09137154,  0.10803048],
       [ 0.13127284,  0.1727526 ],
       [-0.3112301 ,  0.28421408],
       [ 0.31876644,  0.16779299],
       [-0.28118733,  0.31224066],
       [ 0.16892438,  0.16846982],
       [-0.0237305 ,  0.1694353 ],
       [-0.09608418,  0.03842227],
       [ 0.25762713,  0.1367604 ],
       [-0.08941934,  0.24918252]], dtype=float32)}",8.844252784649015,56.00000000000001
4600,803.8410348908662,"{0: [0, 0, 0, 0, 0, 0, 0, 0, 0, 0, 0, 3, 8, 11, 7, 33, 125, 192, 114, 50, 17, 1, 1, 0, 0, 0, 0, 0, 0, 0]}",[803.8410348908662],"{'state': array([[ 0.00000000e+00,  0.00000000e+00,  0.00000000e+00,
         0.00000000e+00,  0.00000000e+00],
       [ 8.89244862e-03, -9.99867201e-01,  1.62974317e-02,
        -1.97152734e-01, -2.35181987e-01],
       [ 5.02027385e-02, -9.98412788e-01, -5.63195422e-02,
         6.54540241e-01,  1.00831687e+00],
       [ 2.27205455e-01, -9.56214488e-01, -2.92666703e-01,
         1.42148900e+00,  1.70906329e+00],
       [ 5.48506916e-01, -8.24158490e-01, -5.66359222e-01,
         2.14185858e+00,  1.52919865e+00],
       [ 1.00032222e+00, -6.92509055e-01, -7.21409202e-01,
         2.87751389e+00,  6.42823458e-01],
       [ 1.64390957e+00, -7.03090072e-01, -7.11100757e-01,
         3.55821466e+00, -7.83990443e-01],
       [ 1.85417938e+00, -9.56165731e-01,  2.92826116e-01,
        -5.46406448e-01, -6.84388304e+00],
       [ 1.77041769e+00, -4.65744585e-01,  8.84919167e-01,
        -8.27163637e-01, -6.07692480e+00],
       [ 1.62963796e+00,  2.36145049e-01,  9.71717834e-01,
        -1.21159887e+00, -4.16054726e+00],
       [ 1.46842909e+00,  6.65474296e-01,  7.46420741e-01,
        -9.55100894e-01, -2.46753025e+00],
       [ 1.38023746e+00,  8.88491452e-01,  4.58893150e-01,
        -8.06701928e-02, -2.00333643e+00],
       [ 1.38358521e+00,  9.90598202e-01,  1.36803508e-01,
         1.17160015e-01, -1.40216613e+00],
       [ 1.35324657e+00,  9.99368668e-01, -3.55291218e-02,
        -4.33200538e-01, -4.98081952e-01],
       [ 1.19741106e+00,  9.99354243e-01, -3.59313898e-02,
        -1.20715225e+00,  4.93627399e-01],
       [ 9.94840205e-01,  9.99879897e-01,  1.54966870e-02,
        -9.26293075e-01,  7.26062730e-02],
       [ 8.23819876e-01,  9.99632657e-01,  2.71019563e-02,
        -8.74176323e-01,  5.51902279e-02],
       [ 6.78094566e-01,  9.99643683e-01,  2.66935993e-02,
        -7.44986951e-01, -5.99135719e-02],
       [ 5.31839669e-01,  9.99199927e-01,  3.99940200e-02,
        -8.80338252e-01,  2.13846311e-01],
       [ 3.88173610e-01,  9.98258054e-01,  5.89991808e-02,
        -6.32364094e-01, -4.29508556e-03],
       [ 2.81781465e-01,  9.98129368e-01,  6.11370578e-02,
        -5.49816608e-01,  2.90750246e-02],
       [ 2.19351411e-01,  9.99467254e-01,  3.26382704e-02,
        -1.84081763e-01, -3.77209455e-01],
       [ 1.36704415e-01,  9.99341190e-01,  3.62925269e-02,
        -6.85955942e-01,  4.17433649e-01],
       [ 6.39243275e-02,  9.98556972e-01,  5.37029691e-02,
        -1.70646310e-01, -2.04718620e-01],
       [ 1.65934823e-02,  9.98815238e-01,  4.86633405e-02,
        -3.27462912e-01,  1.49175897e-01],
       [-9.60022735e-04,  9.99527633e-01,  3.07329409e-02,
         1.08383186e-01, -3.80885273e-01],
       [-1.82801336e-02,  9.99795854e-01,  2.02051979e-02,
        -3.00609052e-01,  2.59069949e-01],
       [-3.16626243e-02,  9.99909282e-01,  1.34716071e-02,
         1.52050540e-01, -3.36989731e-01],
       [-2.47860923e-02,  9.99845922e-01, -1.75553504e-02,
        -7.49961585e-02, -2.19860934e-02],
       [-7.18753710e-02,  9.99727845e-01,  2.33287252e-02,
        -4.21568036e-01,  4.72106516e-01],
       [-8.28926489e-02,  9.99738455e-01,  2.28688642e-02,
         2.83851713e-01, -4.78031754e-01],
       [-7.47421235e-02,  9.99999821e-01, -6.06619054e-04,
        -2.01802358e-01,  2.31344506e-01],
       [-9.91780758e-02,  9.99651253e-01,  2.64070705e-02,
        -8.62130746e-02,  9.82040092e-02],
       [-7.52264112e-02,  9.99963582e-01, -8.53203796e-03,
         3.68683517e-01, -5.24460614e-01],
       [-7.00346678e-02,  9.99755740e-01, -2.21022889e-02,
        -3.18891048e-01,  3.87894481e-01],
       [-1.04090177e-01,  9.99923289e-01,  1.23866005e-02,
        -6.02212995e-02,  1.11263068e-02],
       [-1.25831529e-01,  9.99404848e-01,  3.44954804e-02,
        -1.95987880e-01,  2.58597970e-01],
       [-1.21262491e-01,  9.99500394e-01,  3.16058919e-02,
         2.49793813e-01, -2.93866426e-01],
       [-8.20859522e-02,  9.99959230e-01, -9.03149974e-03,
         1.86342791e-01, -1.76312894e-01],
       [-7.62712881e-02,  9.99992490e-01, -3.87026253e-03,
        -1.18032813e-01,  2.39265829e-01],
       [-7.94306248e-02,  9.99899805e-01,  1.41552491e-02,
         8.25503990e-02, -3.07125896e-02],
       [-7.22821951e-02,  9.99757171e-01,  2.20374521e-02,
         1.39550993e-03,  1.26865432e-01],
       [-4.91889827e-02,  9.99850929e-01,  1.72669552e-02,
         2.55292296e-01, -1.82067081e-01],
       [-2.18441729e-02,  9.99925971e-01,  1.21688647e-02,
         6.65135309e-02,  1.19876221e-01],
       [ 2.66853999e-02,  9.99851704e-01, -1.72219146e-02,
         4.73307699e-01, -4.59903806e-01],
       [ 6.49784803e-02,  9.99272883e-01, -3.81275788e-02,
        -6.97419047e-02,  2.29538873e-01],
       [ 7.40107298e-02,  9.99366581e-01, -3.55877914e-02,
         1.70045108e-01, -2.00137749e-01],
       [ 5.51401265e-02,  9.99964237e-01, -8.45687650e-03,
        -3.69283944e-01,  4.99007702e-01],
       [ 4.43954244e-02,  9.99998391e-01,  1.79558387e-03,
         2.34777853e-01, -3.66654038e-01],
       [ 3.94552499e-02,  9.99997675e-01,  2.16877600e-03,
        -2.86779791e-01,  3.70749682e-01],
       [ 3.34661417e-02,  9.99985874e-01,  5.31297736e-03,
         2.16250464e-01, -3.32382649e-01],
       [ 3.58186141e-02,  9.99997318e-01, -2.32541421e-03,
        -1.89946994e-01,  2.44002119e-01],
       [ 2.87638474e-02,  9.99994397e-01,  3.34081566e-03,
         1.06834032e-01, -1.74879938e-01],
       [ 2.67927926e-02,  9.99996245e-01,  2.73973867e-03,
        -1.30007803e-01,  1.67542979e-01],
       [ 2.31051203e-02,  9.99982297e-01,  5.95465396e-03,
         8.89633968e-02, -1.30342945e-01],
       [ 3.53249907e-02,  9.99926150e-01, -1.21545512e-02,
         4.71902341e-02, -7.91661441e-02],
       [ 2.77274605e-02,  9.99982059e-01, -5.98991150e-03,
        -1.31733328e-01,  1.50486603e-01]], dtype=float32), 'action': array([-0.13313262,  0.48599422,  0.47785667,  0.4507021 ,  0.47233537,
        0.39945582, -0.3162396 , -0.41212866, -0.43827754,  0.16605863,
        0.56172717,  0.11293481, -0.29518473, -0.42203733,  0.15147799,
        0.02966925,  0.07571239, -0.07515622,  0.13779034,  0.05134135,
        0.22469155, -0.26968136,  0.31513244, -0.08150043,  0.28308544,
       -0.23217444,  0.2600667 , -0.1299995 , -0.1876603 ,  0.45528874,
       -0.24937642,  0.07086898,  0.2760398 , -0.33843684,  0.14760332,
       -0.08058129,  0.2722082 , -0.03550324, -0.18472457,  0.11507849,
       -0.04787624,  0.14658572, -0.1132633 ,  0.23250705, -0.29625002,
        0.13461171, -0.29385334,  0.38823777, -0.2825504 ,  0.3048082 ,
       -0.23222059,  0.1797127 , -0.14317997,  0.12554018, -0.02410297,
       -0.10296528,  0.07300831], dtype=float32), 'dt': array([14, 18, 17, 18, 18, 20, 23, 12, 14, 15, 17, 21, 19, 19, 19, 19, 18,
       18, 19, 18, 17, 19, 17, 19, 16, 18, 18, 18, 19, 16, 20, 17, 17, 21,
       18, 17, 17, 18, 17, 18, 17, 18, 17, 18, 19, 18, 19, 16, 19, 17, 18,
       17, 17, 18, 18, 18, 16], dtype=int32), 'latent_action': array([[ 7.2758043e-01,  7.4794674e-01],
       [-7.7664763e-01, -7.6725537e-01],
       [-7.9272372e-01, -7.6538372e-01],
       [-7.7386904e-01, -7.9530799e-01],
       [-7.6912004e-01, -7.6384467e-01],
       [-7.4604309e-01, -7.6429546e-01],
       [ 7.5245702e-01, -5.9303492e-01],
       [ 7.6887453e-01,  7.3579967e-01],
       [ 7.4246067e-01,  4.2301166e-01],
       [-2.9106537e-01, -1.4307350e-01],
       [-7.8826618e-01, -7.6250076e-01],
       [ 2.0760217e-01, -7.4174559e-01],
       [ 7.6019001e-01, -4.3979189e-01],
       [ 7.3352242e-01, -6.7393547e-01],
       [-7.6514937e-02, -7.6444674e-01],
       [ 1.3974777e-01, -7.7886993e-01],
       [ 1.0309903e-01, -7.9402453e-01],
       [ 2.2108249e-01, -7.8108311e-01],
       [-6.8974659e-02, -7.4600387e-01],
       [ 6.4458184e-02, -7.5173455e-01],
       [-1.4608856e-01, -7.5974971e-01],
       [ 5.1098001e-01, -7.2858953e-01],
       [-3.5302952e-01, -8.1333214e-01],
       [ 2.6503879e-01, -7.5914574e-01],
       [-2.0479028e-01, -7.8290170e-01],
       [ 4.7895184e-01, -7.8120041e-01],
       [-2.4444295e-01, -7.3146158e-01],
       [ 5.0291729e-01, -7.7707529e-01],
       [ 4.1088122e-01, -7.6841891e-01],
       [-5.3691775e-01, -7.6120257e-01],
       [ 6.1619657e-01, -7.5821114e-01],
       [-5.0453277e-04, -7.6346135e-01],
       [-1.8360308e-01, -7.2800922e-01],
       [ 7.8573251e-01, -7.9244167e-01],
       [-1.3300680e-01, -7.5516731e-01],
       [ 1.3824670e-01, -7.5111550e-01],
       [-3.5605320e-01, -7.7495813e-01],
       [ 2.0157452e-01, -7.2417212e-01],
       [ 4.3888676e-01, -7.5960553e-01],
       [ 2.1788999e-02, -7.7634501e-01],
       [ 1.4421971e-01, -7.6176864e-01],
       [-1.5984568e-01, -7.7023220e-01],
       [ 2.2914417e-01, -7.6187527e-01],
       [-2.1366590e-01, -7.8741294e-01],
       [ 6.7523491e-01, -7.9250932e-01],
       [ 5.9522472e-02, -7.4956262e-01],
       [ 5.8629292e-01, -7.6702154e-01],
       [-4.3952522e-01, -7.7877766e-01],
       [ 5.5093116e-01, -7.8126889e-01],
       [-3.0513164e-01, -7.6808858e-01],
       [ 5.0804937e-01, -7.5395656e-01],
       [-1.0545892e-01, -7.3117614e-01],
       [ 3.4053326e-01, -7.6227468e-01],
       [-1.0791959e-02, -7.3022127e-01],
       [ 2.0801634e-01, -7.8689694e-01],
       [ 3.3462411e-01, -7.7168840e-01],
       [ 9.0786554e-03, -7.4289691e-01]], dtype=float32), 'hybrid_action': array([[-0.13313262, -0.09075105],
       [ 0.48599422,  0.1539411 ],
       [ 0.47785667,  0.11863959],
       [ 0.4507021 ,  0.18420827],
       [ 0.47233537,  0.15531579],
       [ 0.39945582,  0.2804901 ],
       [-0.3162396 ,  0.509511  ],
       [-0.41212866, -0.22360581],
       [-0.43827754, -0.10297215],
       [ 0.16605863, -0.02545827],
       [ 0.56172717,  0.12894641],
       [ 0.11293481,  0.3815873 ],
       [-0.29518473,  0.25396568],
       [-0.42203733,  0.25088856],
       [ 0.15147799,  0.25458565],
       [ 0.02966925,  0.26982787],
       [ 0.07571239,  0.17194082],
       [-0.07515622,  0.15584588],
       [ 0.13779034,  0.23377267],
       [ 0.05134135,  0.19127722],
       [ 0.22469155,  0.12810619],
       [-0.26968136,  0.2714402 ],
       [ 0.31513244,  0.10810345],
       [-0.08150043,  0.24902269],
       [ 0.28308544,  0.06849834],
       [-0.23217444,  0.1698843 ],
       [ 0.2600667 ,  0.20324436],
       [-0.1299995 ,  0.19566612],
       [-0.1876603 ,  0.24550107],
       [ 0.45528874,  0.03033655],
       [-0.24937642,  0.2871383 ],
       [ 0.07086898,  0.10878662],
       [ 0.2760398 ,  0.11886726],
       [-0.33843684,  0.37352592],
       [ 0.14760332,  0.15027249],
       [-0.08058129,  0.08764919],
       [ 0.2722082 ,  0.11336181],
       [-0.03550324,  0.19227448],
       [-0.18472457,  0.12769476],
       [ 0.11507849,  0.1951339 ],
       [-0.04787624,  0.1093639 ],
       [ 0.14658572,  0.15365331],
       [-0.1132633 ,  0.11791708],
       [ 0.23250705,  0.19157396],
       [-0.29625002,  0.2676125 ],
       [ 0.13461171,  0.1410487 ],
       [-0.29385334,  0.25110853],
       [ 0.38823777,  0.05959699],
       [-0.2825504 ,  0.24625969],
       [ 0.3048082 ,  0.12215116],
       [-0.23222059,  0.1880129 ],
       [ 0.1797127 ,  0.08462286],
       [-0.14317997,  0.12309231],
       [ 0.12554018,  0.17248301],
       [-0.02410297,  0.19121173],
       [-0.10296528,  0.15728986],
       [ 0.07300831,  0.05826149]], dtype=float32)}",8.951733589793934,56.20000000000001
4650,796.9193744615905,"{0: [0, 0, 0, 0, 0, 0, 0, 0, 0, 0, 0, 1, 12, 12, 9, 28, 115, 173, 138, 55, 10, 6, 1, 0, 0, 0, 0, 0, 0, 0]}",[796.9193744615905],"{'state': array([[ 0.00000000e+00,  0.00000000e+00,  0.00000000e+00,
         0.00000000e+00,  0.00000000e+00],
       [-1.66108869e-02, -9.99545813e-01,  3.01357023e-02,
        -2.33467847e-01, -3.34802866e-01],
       [ 1.71094686e-02, -9.99594390e-01, -2.84795482e-02,
         5.87096930e-01,  9.23203766e-01],
       [ 1.95645332e-01, -9.62317765e-01, -2.71927357e-01,
         1.28538632e+00,  1.54780865e+00],
       [ 5.21746039e-01, -8.33612263e-01, -5.52350044e-01,
         2.13936782e+00,  1.54645324e+00],
       [ 9.91634011e-01, -7.03156471e-01, -7.11035132e-01,
         2.80626798e+00,  5.25149047e-01],
       [ 1.62313306e+00, -7.24387765e-01, -6.89392745e-01,
         3.50851488e+00, -8.14512968e-01],
       [ 1.86763835e+00, -9.72489178e-01,  2.32948110e-01,
        -5.11178851e-01, -6.91798496e+00],
       [ 1.77968764e+00, -4.52383697e-01,  8.91823411e-01,
        -8.12986076e-01, -6.12895584e+00],
       [ 1.63298118e+00,  2.95249701e-01,  9.55420136e-01,
        -1.17632210e+00, -4.04297304e+00],
       [ 1.49455285e+00,  6.87511384e-01,  7.26173639e-01,
        -8.14330459e-01, -2.60801196e+00],
       [ 1.40077233e+00,  9.26360309e-01,  3.76638532e-01,
        -1.22290820e-01, -1.86600542e+00],
       [ 1.35127962e+00,  9.91815448e-01,  1.27679661e-01,
        -3.69605780e-01, -8.34412694e-01],
       [ 1.27366197e+00,  9.99999106e-01,  1.31527858e-03,
        -4.44808096e-01, -5.60068011e-01],
       [ 1.13760567e+00,  9.99372959e-01, -3.54082473e-02,
        -9.86535013e-01,  1.55552164e-01],
       [ 9.39724088e-01,  9.99995112e-01,  3.12366546e-03,
        -1.09727240e+00,  2.68742412e-01],
       [ 7.50449955e-01,  9.99859393e-01,  1.67673491e-02,
        -7.95790851e-01, -1.25346974e-01],
       [ 5.78126788e-01,  9.99171257e-01,  4.07044776e-02,
        -1.11939216e+00,  4.02321249e-01],
       [ 4.30969745e-01,  9.98934925e-01,  4.61410806e-02,
        -5.15814245e-01, -3.39307040e-01],
       [ 2.88261354e-01,  9.98932958e-01,  4.61844020e-02,
        -9.11264002e-01,  3.39751810e-01],
       [ 1.41117483e-01,  9.96014297e-01,  8.91939029e-02,
        -6.38584793e-01,  1.35044545e-01],
       [ 7.34989643e-02,  9.97862816e-01,  6.53441548e-02,
        -1.12209417e-01, -4.12041187e-01],
       [ 1.83502119e-02,  9.98528183e-01,  5.42352572e-02,
        -5.00331998e-01,  2.83367187e-01],
       [-8.35256372e-03,  9.99657273e-01,  2.61797532e-02,
         2.04241753e-01, -6.08457863e-01],
       [-4.52678651e-02,  9.99804080e-01,  1.97937563e-02,
        -5.73239505e-01,  5.41338503e-01],
       [-8.36106241e-02,  9.99514759e-01,  3.11494321e-02,
         1.46952182e-01, -4.09827590e-01],
       [-9.17992890e-02,  9.99930739e-01,  1.17718205e-02,
        -2.37536266e-01,  1.85626924e-01],
       [-1.18430533e-01,  9.99658167e-01,  2.61453707e-02,
        -5.86700030e-02, -1.92910489e-02],
       [-1.23218365e-01,  9.99791980e-01,  2.03960799e-02,
         2.45495839e-03, -5.08550256e-02],
       [-1.35325566e-01,  9.99403536e-01,  3.45342234e-02,
        -1.37268260e-01,  2.14458749e-01],
       [-1.24913007e-01,  9.99587953e-01,  2.87039541e-02,
         2.67531246e-01, -2.89766371e-01],
       [-9.46502090e-02,  9.99968171e-01,  7.97485933e-03,
         5.14782779e-02,  6.15336224e-02],
       [-6.78599775e-02,  9.99988437e-01, -4.80711693e-03,
         2.46454224e-01, -2.09406391e-01],
       [-5.43382503e-02,  9.99998927e-01,  1.47856341e-03,
        -1.04253024e-01,  2.78601170e-01],
       [-2.94842068e-02,  9.99927759e-01, -1.20173693e-02,
         3.96910727e-01, -4.43208873e-01],
       [-1.49858920e-02,  9.99903798e-01, -1.38718579e-02,
        -2.44245455e-01,  4.22767937e-01],
       [-3.78042236e-02,  9.99525249e-01,  3.08111832e-02,
        -4.18131128e-02,  1.54077053e-01],
       [-8.60132650e-03,  9.99945104e-01,  1.04792221e-02,
         3.85778308e-01, -4.02184188e-01],
       [ 3.10150348e-02,  9.99805152e-01, -1.97393969e-02,
         5.50383963e-02,  5.25407679e-02],
       [ 2.46362071e-02,  9.99955595e-01,  9.42305196e-03,
        -1.30654618e-01,  3.03189367e-01],
       [ 4.12020758e-02,  9.99953747e-01,  9.61983297e-03,
         3.14709157e-01, -3.00901771e-01],
       [ 7.49040246e-02,  9.99932766e-01, -1.15955351e-02,
         6.02021366e-02,  5.54469116e-02],
       [ 1.04862340e-01,  9.99426067e-01, -3.38749513e-02,
         2.92677075e-01, -3.27233851e-01],
       [ 1.02382667e-01,  9.99749720e-01, -2.23730151e-02,
        -3.17737997e-01,  4.48194265e-01],
       [ 8.78295526e-02,  9.99985397e-01, -5.40883467e-03,
         1.46189660e-01, -2.41264284e-01],
       [ 9.26959142e-02,  9.99780416e-01, -2.09539048e-02,
        -9.17900279e-02,  6.13855422e-02],
       [ 6.74959049e-02,  9.99997854e-01, -2.07195734e-03,
        -1.73886642e-01,  1.46507010e-01],
       [ 6.08301125e-02,  9.99932766e-01, -1.15946550e-02,
         1.00015610e-01, -2.56667554e-01],
       [ 4.94717285e-02,  9.99727845e-01, -2.33294033e-02,
        -2.13320777e-01,  1.33313343e-01],
       [-6.44290878e-04,  9.99891162e-01,  1.47540038e-02,
        -3.44312847e-01,  3.07301819e-01],
       [-2.56881360e-02,  9.99701202e-01,  2.44433340e-02,
         3.10772024e-02, -1.82178944e-01],
       [-4.68948446e-02,  9.99394298e-01,  3.48007046e-02,
        -2.54523993e-01,  2.96221375e-01],
       [-5.03187105e-02,  9.99369860e-01,  3.54955010e-02,
         2.11706221e-01, -2.87234336e-01],
       [-4.35187556e-02,  9.99291420e-01,  3.76389474e-02,
        -1.43748894e-01,  3.09754282e-01],
       [-1.51854856e-02,  9.99839306e-01,  1.79268029e-02,
         5.21876872e-01, -5.80345988e-01],
       [ 2.44088955e-02,  9.99994814e-01, -3.22946021e-03,
        -1.44267604e-01,  3.67560536e-01]], dtype=float32), 'action': array([-0.17376538,  0.4419811 ,  0.3894078 ,  0.49976835,  0.41043112,
        0.41037574, -0.27985525, -0.4075256 , -0.39870623,  0.26296723,
        0.38220945, -0.11351035, -0.03651873, -0.29483765, -0.06118197,
        0.1559158 , -0.18315655,  0.3482308 , -0.20057467,  0.15243652,
        0.30649766, -0.21792048,  0.40580988, -0.39888686,  0.41369367,
       -0.21843292,  0.10360814,  0.0386218 , -0.07802379,  0.2625536 ,
       -0.11583379,  0.11163342, -0.19019525,  0.30306098, -0.3484049 ,
        0.1307675 ,  0.26032758, -0.18947749, -0.11278426,  0.2553918 ,
       -0.14562462,  0.13918409, -0.3163507 ,  0.2799094 , -0.13702421,
       -0.04529586,  0.15618405, -0.16258967, -0.07523154,  0.24277931,
       -0.15277031,  0.30231047, -0.18058391,  0.45847544, -0.32635647,
        0.30365524], dtype=float32), 'dt': array([14, 19, 19, 19, 19, 20, 22, 13, 15, 14, 20, 20, 19, 19, 19, 20, 18,
       18, 20, 19, 18, 18, 18, 20, 18, 18, 18, 17, 18, 16, 19, 18, 19, 17,
       19, 16, 17, 18, 17, 18, 18, 17, 20, 17, 18, 19, 18, 20, 18, 16, 19,
       16, 20, 15, 21, 17], dtype=int32), 'latent_action': array([[ 0.7552373 ,  0.7731961 ],
       [-0.77662176, -0.77205974],
       [-0.77285266, -0.77053034],
       [-0.75118905, -0.77832115],
       [-0.8030808 , -0.76225847],
       [-0.7646856 , -0.77875006],
       [ 0.7999027 , -0.5523001 ],
       [ 0.8002669 ,  0.72610617],
       [ 0.75414526,  0.4254917 ],
       [-0.3038396 , -0.14470401],
       [-0.21257961, -0.7871131 ],
       [ 0.38415247, -0.75565684],
       [ 0.33758208, -0.79415226],
       [ 0.77578163, -0.74316037],
       [ 0.2510823 , -0.78092206],
       [ 0.05190528, -0.75813705],
       [ 0.35466993, -0.7640452 ],
       [-0.3215181 , -0.7342094 ],
       [ 0.5028737 , -0.7777984 ],
       [-0.20626158, -0.74536383],
       [-0.357834  , -0.74121827],
       [ 0.4193038 , -0.717993  ],
       [-0.39948672, -0.7463361 ],
       [ 0.7252599 , -0.7768499 ],
       [-0.48623288, -0.77042645],
       [ 0.49954283, -0.77459186],
       [-0.0572947 , -0.7476514 ],
       [ 0.14438617, -0.7857824 ],
       [ 0.19018133, -0.77809644],
       [-0.3227799 , -0.7520622 ],
       [ 0.38918385, -0.77143675],
       [ 0.01810529, -0.7703201 ],
       [ 0.42686453, -0.7931665 ],
       [-0.31654188, -0.7476001 ],
       [ 0.7193127 , -0.7131349 ],
       [-0.2869416 , -0.745413  ],
       [-0.2082288 , -0.7735514 ],
       [ 0.5020366 , -0.7844769 ],
       [ 0.272728  , -0.7593077 ],
       [-0.3754189 , -0.75760746],
       [ 0.4080188 , -0.7345042 ],
       [ 0.00805337, -0.78477156],
       [ 0.6678021 , -0.7496302 ],
       [-0.2924077 , -0.78531367],
       [ 0.47907656, -0.76731724],
       [ 0.22370031, -0.77753586],
       [-0.0452471 , -0.75455546],
       [ 0.49327677, -0.7190851 ],
       [ 0.21285427, -0.7712464 ],
       [-0.31697717, -0.7495235 ],
       [ 0.26696363, -0.76748496],
       [-0.45797297, -0.73481303],
       [ 0.33380845, -0.7732604 ],
       [-0.56759465, -0.72102565],
       [ 0.6962202 , -0.7774973 ],
       [-0.4283942 , -0.7848903 ]], dtype=float32), 'hybrid_action': array([[-0.17376538, -0.08395623],
       [ 0.4419811 ,  0.2610045 ],
       [ 0.3894078 ,  0.24479648],
       [ 0.49976835,  0.22703764],
       [ 0.41043112,  0.22837386],
       [ 0.41037574,  0.28568164],
       [-0.27985525,  0.42784494],
       [-0.4075256 , -0.18924434],
       [-0.39870623, -0.02720598],
       [ 0.26296723, -0.08212921],
       [ 0.38220945,  0.3012917 ],
       [-0.11351035,  0.28114653],
       [-0.03651873,  0.23630959],
       [-0.29483765,  0.25976452],
       [-0.06118197,  0.25830165],
       [ 0.1559158 ,  0.27703708],
       [-0.18315655,  0.18917198],
       [ 0.3482308 ,  0.1486072 ],
       [-0.20057467,  0.2790203 ],
       [ 0.15243652,  0.22296031],
       [ 0.30649766,  0.1804947 ],
       [-0.21792048,  0.17700167],
       [ 0.40580988,  0.15014595],
       [-0.39888686,  0.2987989 ],
       [ 0.41369367,  0.1512487 ],
       [-0.21843292,  0.18536775],
       [ 0.10360814,  0.19949651],
       [ 0.0386218 ,  0.11679994],
       [-0.07802379,  0.17250763],
       [ 0.2625536 ,  0.04281975],
       [-0.11583379,  0.2728506 ],
       [ 0.11163342,  0.15209831],
       [-0.19019525,  0.23344052],
       [ 0.30306098,  0.07470401],
       [-0.3484049 ,  0.21583053],
       [ 0.1307675 ,  0.04004897],
       [ 0.26032758,  0.13414957],
       [-0.18947749,  0.18321645],
       [-0.11278426,  0.13161904],
       [ 0.2553918 ,  0.15813296],
       [-0.14562462,  0.17931335],
       [ 0.13918409,  0.1193591 ],
       [-0.3163507 ,  0.28224888],
       [ 0.2799094 ,  0.1246258 ],
       [-0.13702421,  0.201003  ],
       [-0.04529586,  0.25231844],
       [ 0.15618405,  0.19321819],
       [-0.16258967,  0.28759956],
       [-0.07523154,  0.19241022],
       [ 0.24277931,  0.04711514],
       [-0.15277031,  0.26889443],
       [ 0.30231047,  0.04848134],
       [-0.18058391,  0.29283768],
       [ 0.45847544, -0.0300523 ],
       [-0.32635647,  0.3514777 ],
       [ 0.30365524,  0.09837575]], dtype=float32)}",10.020496557513138,56.00000000000001
4700,802.5530274108856,"{0: [0, 0, 0, 0, 0, 0, 0, 0, 0, 0, 0, 0, 10, 10, 7, 24, 132, 181, 132, 53, 9, 2, 2, 0, 0, 0, 0, 0, 0, 0]}",[802.5530274108856],"{'state': array([[ 0.00000000e+00,  0.00000000e+00,  0.00000000e+00,
         0.00000000e+00,  0.00000000e+00],
       [-2.23580226e-02, -9.99932647e-01,  1.16073955e-02,
        -2.03392252e-01, -3.19381833e-01],
       [ 2.92463526e-02, -9.98066187e-01, -6.21602759e-02,
         7.44843662e-01,  1.05965638e+00],
       [ 2.20172837e-01, -9.53019261e-01, -3.02909642e-01,
         1.49486637e+00,  1.71277142e+00],
       [ 5.44324994e-01, -8.19308519e-01, -5.73352933e-01,
         2.31167078e+00,  1.70292580e+00],
       [ 1.02662623e+00, -6.66610599e-01, -7.45406151e-01,
         3.04665184e+00,  7.55975127e-01],
       [ 1.73966634e+00, -6.76171243e-01, -7.36744463e-01,
         3.74401832e+00, -8.73042762e-01],
       [ 1.86041558e+00, -9.66260016e-01,  2.57568508e-01,
        -6.98332667e-01, -7.02429676e+00],
       [ 1.73618722e+00, -3.61827195e-01,  9.32245195e-01,
        -1.04693568e+00, -6.09048891e+00],
       [ 1.53735971e+00,  4.46165174e-01,  8.94950628e-01,
        -1.33797169e+00, -3.66597700e+00],
       [ 1.29718661e+00,  8.39889467e-01,  5.42757452e-01,
        -1.07839668e+00, -1.86260378e+00],
       [ 1.10814166e+00,  9.50118959e-01,  3.11887741e-01,
        -9.09920871e-01, -9.49061513e-01],
       [ 9.77606952e-01,  9.87242043e-01,  1.59226865e-01,
        -5.37487090e-01, -8.71240020e-01],
       [ 8.68589580e-01,  9.98858750e-01,  4.77613546e-02,
        -6.71718776e-01, -4.24987674e-01],
       [ 6.96738124e-01,  9.99652326e-01,  2.63669733e-02,
        -1.04631186e+00,  2.00100869e-01],
       [ 5.23865044e-01,  9.98843193e-01,  4.80862297e-02,
        -8.74958158e-01,  5.13826683e-02],
       [ 3.74552906e-01,  9.99405086e-01,  3.44882272e-02,
        -6.17848814e-01, -1.94419429e-01],
       [ 2.28826895e-01,  9.98344183e-01,  5.75226061e-02,
        -1.00178063e+00,  4.61054295e-01],
       [ 9.53514725e-02,  9.95957017e-01,  8.98308158e-02,
        -4.82002825e-01, -8.59041139e-02],
       [ 2.04751622e-02,  9.97039020e-01,  7.68970549e-02,
        -3.49689066e-01, -6.42589033e-02],
       [-1.01276478e-02,  9.99422252e-01,  3.39876041e-02,
         1.05719734e-02, -4.33172345e-01],
       [-4.88708131e-02,  9.99802053e-01,  1.98965073e-02,
        -4.40759957e-01,  2.70127386e-01],
       [-9.66755226e-02,  9.99572933e-01,  2.92225983e-02,
        -9.06060487e-02, -1.62167996e-01],
       [-1.28373966e-01,  9.99729812e-01,  2.32442692e-02,
        -2.26239547e-01,  9.93313864e-02],
       [-1.54553369e-01,  9.99616027e-01,  2.77094189e-02,
        -8.18438008e-02, -4.48427647e-02],
       [-1.77890956e-01,  9.99247670e-01,  3.87820266e-02,
        -1.77689210e-01,  1.72995627e-01],
       [-1.90262184e-01,  9.98668730e-01,  5.15828505e-02,
         3.18869017e-02, -1.66635718e-02],
       [-1.55809343e-01,  9.99876618e-01,  1.57066286e-02,
         3.74156088e-01, -4.21317965e-01],
       [-1.13812700e-01,  9.99741912e-01, -2.27192380e-02,
         6.87615573e-02, -1.77212246e-03],
       [-9.89462882e-02,  9.99476910e-01, -3.23405601e-02,
         9.66197252e-02, -1.09573357e-01],
       [-1.14397272e-01,  9.99933839e-01, -1.15049835e-02,
        -2.68732429e-01,  3.50726247e-01],
       [-1.44578412e-01,  9.99657571e-01,  2.61673294e-02,
        -6.74004108e-02,  8.51602331e-02],
       [-1.49909154e-01,  9.99277771e-01,  3.79996300e-02,
         4.45172004e-03,  5.92447780e-02],
       [-1.28654018e-01,  9.99618948e-01,  2.76030488e-02,
         2.31932133e-01, -1.79602847e-01],
       [-9.90929455e-02,  9.99839246e-01,  1.79292466e-02,
         9.67257917e-02,  6.76646233e-02],
       [-6.79745898e-02,  9.99957442e-01,  9.22270771e-03,
         2.92413384e-01, -1.80059478e-01],
       [-1.65229645e-02,  9.99707103e-01, -2.42020823e-02,
         3.13554823e-01, -2.27662846e-01],
       [ 1.18370738e-03,  9.99856949e-01, -1.69155523e-02,
        -1.05381355e-01,  3.16571206e-01],
       [ 2.54134927e-03,  9.99969125e-01,  7.86017161e-03,
         1.20864891e-01, -1.43594043e-02],
       [ 3.44626121e-02,  9.99977767e-01, -6.67137932e-03,
         2.15465739e-01, -1.45619527e-01],
       [ 5.80731444e-02,  9.99909043e-01, -1.34872207e-02,
         4.70183343e-02,  6.67556822e-02],
       [ 7.78445005e-02,  9.99756217e-01, -2.20806263e-02,
         1.85751766e-01, -1.71580419e-01],
       [ 1.01860590e-01,  9.98927474e-01, -4.63019162e-02,
         6.75842687e-02, -9.52584967e-02],
       [ 7.52674937e-02,  9.99853730e-01, -1.71033982e-02,
        -3.63680065e-01,  4.33348984e-01],
       [ 3.56869586e-02,  9.99702811e-01,  2.43790057e-02,
        -1.02791451e-01,  7.26906285e-02],
       [ 4.72307876e-02,  9.99999166e-01, -1.30940659e-03,
         2.31589705e-01, -3.69933754e-01],
       [ 5.34320809e-02,  9.99771357e-01, -2.13839822e-02,
        -1.69102877e-01,  1.58932239e-01],
       [ 1.55752311e-02,  9.99859750e-01,  1.67472959e-02,
        -2.77018130e-01,  3.06199104e-01],
       [ 8.25361442e-03,  9.99874830e-01,  1.58222336e-02,
         1.90893501e-01, -3.17476153e-01],
       [ 2.84611080e-02,  9.99779284e-01, -2.10089386e-02,
         2.26264428e-02, -8.80348235e-02],
       [ 2.60723680e-02,  9.99398530e-01, -3.46789621e-02,
        -4.74697128e-02, -6.25252649e-02],
       [-8.43240134e-03,  9.99909163e-01, -1.34779969e-02,
        -3.58887702e-01,  3.21245015e-01],
       [-4.39968035e-02,  9.99993742e-01,  3.53116076e-03,
        -5.98545745e-02, -1.13768071e-01],
       [-7.69907087e-02,  9.99835074e-01,  1.81617793e-02,
        -3.28590989e-01,  2.92220205e-01],
       [-9.68458503e-02,  9.99785662e-01,  2.07032803e-02,
         9.49442163e-02, -2.61197716e-01],
       [-1.08559713e-01,  9.99842405e-01,  1.77531969e-02,
        -2.18179226e-01,  2.28710607e-01]], dtype=float32), 'action': array([-0.14873202,  0.5127563 ,  0.4684621 ,  0.5355889 ,  0.47404686,
        0.39151087, -0.36022738, -0.4376465 , -0.30129752,  0.14448743,
        0.11492731,  0.22871763, -0.06996017, -0.19045582,  0.10053737,
        0.13523214, -0.21648227,  0.30244246,  0.08143451,  0.20990509,
       -0.25629705,  0.20196487, -0.06807127,  0.08918572, -0.05253171,
        0.1300307 ,  0.20957771, -0.16575699,  0.01403567, -0.2104912 ,
        0.11565086,  0.04572837,  0.13239014, -0.07575154,  0.12680414,
        0.01229653, -0.25506756,  0.13666312,  0.05132317, -0.09703447,
        0.08276603, -0.06639638, -0.24887887,  0.15819226,  0.19205274,
       -0.20715864, -0.06550746,  0.28442323, -0.09137505, -0.03991083,
       -0.1902305 ,  0.18068793, -0.16195858,  0.25777242, -0.16839518,
        0.265563  ], dtype=float32), 'dt': array([14, 19, 17, 17, 18, 21, 21, 14, 17, 20, 19, 18, 18, 20, 18, 20, 18,
       18, 18, 18, 18, 18, 20, 17, 18, 17, 17, 19, 18, 18, 18, 17, 18, 18,
       16, 17, 17, 17, 19, 18, 17, 19, 18, 17, 18, 20, 17, 17, 19, 19, 17,
       17, 17, 17, 19, 19], dtype=int32), 'latent_action': array([[ 0.7578378 ,  0.7544092 ],
       [-0.7705504 , -0.7149062 ],
       [-0.7698998 , -0.7330673 ],
       [-0.7641757 , -0.77175534],
       [-0.7667593 , -0.7962312 ],
       [-0.72379   , -0.7755417 ],
       [ 0.79324573, -0.534588  ],
       [ 0.76067996,  0.56664896],
       [ 0.74377376,  0.17024033],
       [ 0.00472293, -0.6045134 ],
       [-0.05719706, -0.7667642 ],
       [-0.1429832 , -0.765201  ],
       [ 0.2807768 , -0.75530994],
       [ 0.5082262 , -0.72150385],
       [ 0.15060565, -0.79143226],
       [ 0.07291739, -0.7543404 ],
       [ 0.42586392, -0.7544443 ],
       [-0.42474133, -0.7030075 ],
       [-0.06377523, -0.7696934 ],
       [ 0.02311496, -0.7393302 ],
       [ 0.56312275, -0.7479751 ],
       [-0.06125528, -0.76361126],
       [ 0.3153026 , -0.7700695 ],
       [ 0.0867714 , -0.7397468 ],
       [ 0.23854618, -0.7706343 ],
       [-0.1580002 , -0.7711588 ],
       [-0.1287294 , -0.73028004],
       [ 0.5421848 , -0.75577575],
       [ 0.30438262, -0.740631  ],
       [ 0.49289286, -0.75336   ],
       [-0.07864887, -0.75104344],
       [-0.02100656, -0.7424965 ],
       [-0.157464  , -0.79731685],
       [ 0.1746064 , -0.76543164],
       [-0.14167646, -0.7686927 ],
       [ 0.21778442, -0.7747472 ],
       [ 0.4747054 , -0.77351993],
       [-0.12606291, -0.75150436],
       [-0.0038348 , -0.7948706 ],
       [ 0.31387198, -0.7487964 ],
       [ 0.11155581, -0.76753986],
       [ 0.40144253, -0.752732  ],
       [ 0.5610397 , -0.74392235],
       [-0.17772701, -0.76860404],
       [-0.10739782, -0.72578454],
       [ 0.53115606, -0.7640108 ],
       [ 0.19172244, -0.75338036],
       [-0.34945542, -0.7716778 ],
       [ 0.43433774, -0.77194434],
       [ 0.3904787 , -0.80438375],
       [ 0.4784148 , -0.7586436 ],
       [-0.04212591, -0.7878699 ],
       [ 0.38402963, -0.74742496],
       [-0.2221979 , -0.75960636],
       [ 0.42397118, -0.7438718 ],
       [-0.19289355, -0.7749398 ]], dtype=float32), 'hybrid_action': array([[-0.14873202, -0.11166124],
       [ 0.5127563 ,  0.25579858],
       [ 0.4684621 ,  0.11136099],
       [ 0.5355889 ,  0.07303653],
       [ 0.47404686,  0.20013048],
       [ 0.39151087,  0.3792016 ],
       [-0.36022738,  0.3794412 ],
       [-0.4376465 , -0.11473701],
       [-0.30129752,  0.0934542 ],
       [ 0.14448743,  0.30997956],
       [ 0.11492731,  0.22800663],
       [ 0.22871763,  0.19766477],
       [-0.06996017,  0.16682003],
       [-0.19045582,  0.30392784],
       [ 0.10053737,  0.18848422],
       [ 0.13523214,  0.2776558 ],
       [-0.21648227,  0.18225574],
       [ 0.30244246,  0.20143989],
       [ 0.08143451,  0.18784535],
       [ 0.20990509,  0.17132737],
       [-0.25629705,  0.18523683],
       [ 0.20196487,  0.1854049 ],
       [-0.06807127,  0.30121228],
       [ 0.08918572,  0.08665295],
       [-0.05253171,  0.17239542],
       [ 0.1300307 ,  0.12678841],
       [ 0.20957771,  0.09399764],
       [-0.16575699,  0.2538857 ],
       [ 0.01403567,  0.16655007],
       [-0.2104912 ,  0.17771305],
       [ 0.11565086,  0.18922706],
       [ 0.04572837,  0.08221364],
       [ 0.13239014,  0.1620033 ],
       [-0.07575154,  0.18555976],
       [ 0.12680414,  0.00338655],
       [ 0.01229653,  0.08823968],
       [-0.25506756,  0.09616893],
       [ 0.13666312,  0.09604494],
       [ 0.05132317,  0.20864478],
       [-0.09703447,  0.16058101],
       [ 0.08276603,  0.10440312],
       [-0.06639638,  0.21903385],
       [-0.24887887,  0.20551883],
       [ 0.15819226,  0.06973854],
       [ 0.19205274,  0.14283586],
       [-0.20715864,  0.3144462 ],
       [-0.06550746,  0.1273612 ],
       [ 0.28442323,  0.13743265],
       [-0.09137505,  0.22892731],
       [-0.03991083,  0.21273817],
       [-0.1902305 ,  0.11397652],
       [ 0.18068793,  0.12374891],
       [-0.16195858,  0.09107654],
       [ 0.25777242,  0.08054602],
       [-0.16839518,  0.22042885],
       [ 0.265563  ,  0.24842969]], dtype=float32)}",7.826803917205285,56.20000000000001
4750,799.1957791662355,"{0: [0, 0, 0, 0, 0, 0, 0, 0, 0, 0, 1, 2, 7, 9, 17, 31, 134, 176, 126, 46, 6, 5, 3, 0, 0, 0, 0, 0, 0, 0]}",[799.1957791662355],"{'state': array([[ 0.00000000e+00,  0.00000000e+00,  0.00000000e+00,
         0.00000000e+00,  0.00000000e+00],
       [-2.09885444e-02, -9.99696910e-01,  2.46185679e-02,
        -1.47922963e-01, -1.68624014e-01],
       [ 3.57276723e-02, -9.97478843e-01, -7.09645599e-02,
         7.42669404e-01,  1.12797630e+00],
       [ 2.28708297e-01, -9.47529435e-01, -3.19668502e-01,
         1.39480567e+00,  1.57235491e+00],
       [ 5.80390036e-01, -8.06908190e-01, -5.90676844e-01,
         2.29973936e+00,  1.48846555e+00],
       [ 1.03842783e+00, -6.78690076e-01, -7.34424770e-01,
         3.08814526e+00,  6.96647584e-01],
       [ 1.72789001e+00, -6.83304489e-01, -7.30133533e-01,
         3.80639887e+00, -7.56867707e-01],
       [ 1.85457504e+00, -9.49776590e-01,  3.12928796e-01,
        -6.32145762e-01, -6.87854004e+00],
       [ 1.75789618e+00, -4.42434639e-01,  8.96800756e-01,
        -9.56935823e-01, -6.12306499e+00],
       [ 1.59835470e+00,  3.02240461e-01,  9.53231692e-01,
        -1.20395982e+00, -4.02230072e+00],
       [ 1.44169998e+00,  7.84815729e-01,  6.19729161e-01,
        -4.61126477e-01, -2.47333241e+00],
       [ 1.37220955e+00,  9.53353405e-01,  3.01856458e-01,
        -2.69750029e-01, -1.48762667e+00],
       [ 1.29714191e+00,  9.93198216e-01,  1.16435587e-01,
        -5.17727375e-01, -5.97118556e-01],
       [ 1.21111953e+00,  9.99982297e-01,  5.94899338e-03,
        -3.85400832e-01, -6.22165084e-01],
       [ 1.06963217e+00,  9.99547839e-01, -3.00683156e-02,
        -1.02861857e+00,  2.43513659e-01],
       [ 8.93103600e-01,  9.99994993e-01, -3.15524079e-03,
        -9.33368385e-01,  6.78803995e-02],
       [ 6.98011458e-01,  9.99309659e-01,  3.71515937e-02,
        -1.12110519e+00,  3.75908911e-01],
       [ 5.33001482e-01,  9.98664081e-01,  5.16729578e-02,
        -6.16181552e-01, -2.15772331e-01],
       [ 4.02086079e-01,  9.98612702e-01,  5.26562966e-02,
        -8.38450432e-01,  2.27154404e-01],
       [ 2.78035432e-01,  9.98192847e-01,  6.00914732e-02,
        -4.67520028e-01, -1.45119473e-01],
       [ 1.97768331e-01,  9.98856843e-01,  4.78022136e-02,
        -4.76559788e-01, -4.98492969e-03],
       [ 1.24982454e-01,  9.99000013e-01,  4.47103567e-02,
        -3.79685044e-01, -3.27684358e-02],
       [ 5.81380278e-02,  9.98900712e-01,  4.68757451e-02,
        -3.63075852e-01,  5.78450970e-02],
       [ 1.14042908e-02,  9.98996556e-01,  4.47868109e-02,
        -1.86693698e-01, -8.33516493e-02],
       [-2.55079959e-02,  9.99011457e-01,  4.44536433e-02,
        -2.23435417e-01,  7.94927478e-02],
       [-3.11561115e-02,  9.99779284e-01,  2.10100394e-02,
         1.53274849e-01, -3.82343054e-01],
       [-4.39160801e-02,  9.99932408e-01,  1.16251707e-02,
        -2.87380546e-01,  2.79013485e-01],
       [-6.76078126e-02,  9.99618649e-01,  2.76149493e-02,
        -9.06955451e-03, -7.25478977e-02],
       [-5.99443875e-02,  9.99979496e-01,  6.40170043e-03,
         9.96441767e-02, -1.86249539e-01],
       [-6.54235333e-02,  9.99976039e-01,  6.92142919e-03,
        -1.57326728e-01,  1.91964775e-01],
       [-7.12784752e-02,  9.99931455e-01,  1.17091322e-02,
         9.21679512e-02, -1.36563763e-01],
       [-6.36857599e-02,  9.99998689e-01,  1.60836754e-03,
        -2.64216401e-03,  1.33564724e-02],
       [-6.09367378e-02,  9.99999881e-01, -4.61738236e-04,
         3.50237489e-02, -3.86057012e-02],
       [-6.41012713e-02,  9.99979913e-01,  6.33481611e-03,
        -7.03250021e-02,  1.17232054e-01],
       [-8.14537555e-02,  9.99307811e-01,  3.72001119e-02,
        -1.34423718e-01,  2.59329379e-01],
       [-7.52425715e-02,  9.98917162e-01,  4.65248190e-02,
         2.11880952e-01, -1.38817564e-01],
       [-1.81366242e-02,  9.99999762e-01, -6.58585050e-04,
         4.60884154e-01, -4.36971813e-01],
       [ 2.14446653e-02,  9.99840021e-01, -1.78864803e-02,
        -4.38491292e-02,  2.47247621e-01],
       [ 4.45658863e-02,  9.99734104e-01, -2.30596866e-02,
         3.15958440e-01, -3.10342729e-01],
       [ 5.79871126e-02,  9.99739051e-01, -2.28428841e-02,
        -1.66831240e-01,  3.12840998e-01],
       [ 4.37456444e-02,  9.99969661e-01,  7.78806955e-03,
        -1.31709618e-03,  6.07961342e-02],
       [ 6.11393452e-02,  9.99980986e-01, -6.17056945e-03,
         2.06220642e-01, -2.31055200e-01],
       [ 5.32769002e-02,  9.99873698e-01,  1.58927664e-02,
        -2.94030726e-01,  4.86301035e-01],
       [ 6.20983131e-02,  9.99793947e-01,  2.02981122e-02,
         3.91942024e-01, -4.35289055e-01],
       [ 1.02357291e-01,  9.99928534e-01, -1.19549986e-02,
         3.25468928e-02,  8.01868066e-02],
       [ 1.09525084e-01,  9.99997079e-01, -2.40709167e-03,
         5.15921526e-02,  3.62767577e-02],
       [ 1.29669517e-01,  9.99908090e-01, -1.35568259e-02,
         1.85618043e-01, -1.72273964e-01],
       [ 1.43037334e-01,  9.99794602e-01, -2.02657022e-02,
        -2.82136891e-02,  9.04185623e-02],
       [ 1.50884494e-01,  9.99626815e-01, -2.73173843e-02,
         1.20668545e-01, -1.76444024e-01],
       [ 1.51643798e-01,  9.99340236e-01, -3.63191329e-02,
        -1.12038806e-01,  7.22268596e-02],
       [ 1.02947965e-01,  9.99943256e-01,  1.06537789e-02,
        -4.01578426e-01,  4.45039332e-01],
       [ 8.01417381e-02,  9.99701679e-01,  2.44246572e-02,
         1.47875026e-01, -2.85635561e-01],
       [ 7.84321055e-02,  9.99839067e-01,  1.79409925e-02,
        -1.66733459e-01,  2.10613742e-01],
       [ 8.05827752e-02,  9.99907017e-01,  1.36385011e-02,
         1.93692967e-01, -2.66156763e-01],
       [ 9.41218063e-02,  9.99997675e-01, -2.16627866e-03,
        -5.08273207e-02,  9.21532363e-02],
       [ 9.63326246e-02,  9.99996841e-01, -2.52538174e-03,
         7.84675628e-02, -9.67856497e-02],
       [ 1.03320360e-01,  9.99938607e-01, -1.10796392e-02,
        -6.46738743e-04, -2.18368531e-03]], dtype=float32), 'action': array([-0.0918911 ,  0.48157614,  0.38845024,  0.5316014 ,  0.53169876,
        0.41996136, -0.27513397, -0.45709872, -0.3120294 ,  0.4109305 ,
        0.1245385 , -0.12187041,  0.07582175, -0.3321662 ,  0.05328375,
       -0.10064184,  0.2767246 , -0.12358057,  0.20493506, -0.00175882,
        0.06184589,  0.01264586,  0.10996737, -0.01794458,  0.24455927,
       -0.23771824,  0.18034656,  0.06700157, -0.13882129,  0.14334194,
       -0.05693635,  0.02284457, -0.06005191, -0.03730662,  0.22565462,
        0.15236285, -0.27419886,  0.21642734, -0.27772832,  0.09968247,
        0.12571056, -0.28578663,  0.3936125 , -0.19449763,  0.0110342 ,
        0.08059518, -0.13063253,  0.08849145, -0.13530546, -0.15782957,
        0.3154773 , -0.17847982,  0.2328966 , -0.13213226,  0.0829866 ,
       -0.04571786, -0.00803275], dtype=float32), 'dt': array([15, 19, 18, 19, 17, 20, 22, 12, 15, 19, 19, 19, 19, 20, 18, 19, 19,
       18, 19, 17, 17, 18, 17, 18, 16, 19, 16, 17, 19, 18, 17, 17, 18, 17,
       16, 17, 19, 17, 18, 17, 17, 18, 18, 19, 17, 17, 17, 17, 18, 19, 18,
       18, 16, 19, 16, 18, 18], dtype=int32), 'latent_action': array([[ 0.71747136,  0.7705502 ],
       [-0.7630704 , -0.76765704],
       [-0.77271056, -0.7271627 ],
       [-0.80907744, -0.7828549 ],
       [-0.74803555, -0.7581453 ],
       [-0.76998883, -0.7735967 ],
       [ 0.7333595 , -0.6219547 ],
       [ 0.7503784 ,  0.6232209 ],
       [ 0.7420293 ,  0.37435526],
       [-0.32103884, -0.6494026 ],
       [ 0.13951957, -0.7887362 ],
       [ 0.30978143, -0.747837  ],
       [ 0.15968208, -0.7339455 ],
       [ 0.758943  , -0.7133374 ],
       [ 0.12899865, -0.7519903 ],
       [ 0.21675321, -0.73454213],
       [-0.23238496, -0.7685034 ],
       [ 0.3104726 , -0.74460614],
       [-0.13478532, -0.7825132 ],
       [ 0.16332036, -0.7583944 ],
       [ 0.1534208 , -0.77968705],
       [ 0.19235903, -0.74851763],
       [-0.06594596, -0.780841  ],
       [ 0.1513963 , -0.77899325],
       [-0.12652998, -0.7783421 ],
       [ 0.5089561 , -0.75041175],
       [-0.15893328, -0.72982883],
       [ 0.11614628, -0.7517439 ],
       [ 0.391647  , -0.7846856 ],
       [-0.03334792, -0.7417277 ],
       [ 0.35861042, -0.76331925],
       [ 0.11891431, -0.8077071 ],
       [ 0.27777308, -0.74603105],
       [ 0.10549496, -0.775119  ],
       [-0.3843162 , -0.7222309 ],
       [-0.02291778, -0.7475021 ],
       [ 0.6198744 , -0.7365421 ],
       [ 0.02835373, -0.74009645],
       [ 0.57341856, -0.7526126 ],
       [-0.03328812, -0.7792645 ],
       [ 0.01766144, -0.7535373 ],
       [ 0.4179853 , -0.7527941 ],
       [-0.6524497 , -0.7633479 ],
       [ 0.43954763, -0.74721485],
       [ 0.05281711, -0.7866468 ],
       [ 0.0657599 , -0.76261365],
       [ 0.3509366 , -0.73831296],
       [ 0.11993609, -0.7723726 ],
       [ 0.4588235 , -0.7435764 ],
       [ 0.34783635, -0.7699146 ],
       [-0.43662694, -0.7759903 ],
       [ 0.33381918, -0.76711535],
       [-0.2759571 , -0.73456895],
       [ 0.37090477, -0.7528547 ],
       [ 0.01054969, -0.6866602 ],
       [ 0.25548455, -0.73941433],
       [ 0.17956613, -0.768198  ]], dtype=float32), 'hybrid_action': array([[-0.0918911 , -0.03889415],
       [ 0.48157614,  0.21676236],
       [ 0.38845024,  0.16250318],
       [ 0.5316014 ,  0.22070019],
       [ 0.53169876,  0.11264297],
       [ 0.41996136,  0.33775124],
       [-0.27513397,  0.42741725],
       [-0.45709872, -0.2256002 ],
       [-0.3120294 , -0.06444435],
       [ 0.4109305 ,  0.27104232],
       [ 0.1245385 ,  0.26119566],
       [-0.12187041,  0.2713202 ],
       [ 0.07582175,  0.22922872],
       [-0.3321662 ,  0.3178016 ],
       [ 0.05328375,  0.15243867],
       [-0.10064184,  0.27331084],
       [ 0.2767246 ,  0.26712757],
       [-0.12358057,  0.1887723 ],
       [ 0.20493506,  0.24116534],
       [-0.00175882,  0.13274464],
       [ 0.06184589,  0.11816673],
       [ 0.01264586,  0.191688  ],
       [ 0.10996737,  0.12546381],
       [-0.01794458,  0.17361626],
       [ 0.24455927,  0.05614801],
       [-0.23771824,  0.2552488 ],
       [ 0.18034656,  0.02362345],
       [ 0.06700157,  0.12970379],
       [-0.13882129,  0.2344067 ],
       [ 0.14334194,  0.17185777],
       [-0.05693635,  0.11955645],
       [ 0.02284457,  0.13766982],
       [-0.06005191,  0.18238477],
       [-0.03730662,  0.10721462],
       [ 0.22565462,  0.05578557],
       [ 0.15236285,  0.07535841],
       [-0.27419886,  0.26249483],
       [ 0.21642734,  0.10243975],
       [-0.27772832,  0.19968967],
       [ 0.09968247,  0.11168086],
       [ 0.12571056,  0.11508743],
       [-0.28578663,  0.1716988 ],
       [ 0.3936125 ,  0.17254755],
       [-0.19449763,  0.2730537 ],
       [ 0.0110342 ,  0.1310956 ],
       [ 0.08059518,  0.12336019],
       [-0.13063253,  0.11580069],
       [ 0.08849145,  0.12593266],
       [-0.13530546,  0.15383773],
       [-0.15782957,  0.21535368],
       [ 0.3154773 ,  0.15776615],
       [-0.17847982,  0.1484087 ],
       [ 0.2328966 ,  0.06629018],
       [-0.13213226,  0.2588923 ],
       [ 0.0829866 ,  0.02179398],
       [-0.04571786,  0.14758745],
       [-0.00803275,  0.14048807]], dtype=float32)}",5.658532228339851,56.30000000000001
4800,802.1288755554158,"{0: [0, 0, 0, 0, 0, 0, 0, 0, 0, 0, 0, 3, 10, 6, 7, 36, 138, 187, 113, 47, 11, 4, 2, 0, 0, 0, 0, 0, 0, 0]}",[802.1288755554158],"{'state': array([[ 0.00000000e+00,  0.00000000e+00,  0.00000000e+00,
         0.00000000e+00,  0.00000000e+00],
       [-1.60074681e-02, -9.99749243e-01,  2.23928448e-02,
        -3.02782595e-01, -3.98614287e-01],
       [ 2.64038378e-03, -9.99814391e-01, -1.92655828e-02,
         5.09091794e-01,  8.42224717e-01],
       [ 1.68779969e-01, -9.66936886e-01, -2.55015731e-01,
         1.23314965e+00,  1.54572809e+00],
       [ 4.67329025e-01, -8.47273111e-01, -5.31157434e-01,
         2.07627559e+00,  1.65539896e+00],
       [ 9.05708969e-01, -7.01956868e-01, -7.12219477e-01,
         2.79321122e+00,  8.24271798e-01],
       [ 1.50592065e+00, -6.76424444e-01, -7.36512005e-01,
         3.52506304e+00, -4.68664557e-01],
       [ 1.88407409e+00, -9.99060988e-01, -4.33266722e-02,
        -4.27195519e-01, -6.85606813e+00],
       [ 1.79993582e+00, -6.54125333e-01,  7.56386161e-01,
        -8.17250669e-01, -6.65621901e+00],
       [ 1.65462732e+00,  1.51511371e-01,  9.88455534e-01,
        -1.14481246e+00, -4.73956537e+00],
       [ 1.49627948e+00,  5.75699091e-01,  8.17661643e-01,
        -1.51382339e+00, -2.95166755e+00],
       [ 1.28306246e+00,  8.88953209e-01,  4.57998008e-01,
        -6.19633436e-01, -2.10288715e+00],
       [ 1.12105823e+00,  9.82400060e-01,  1.86789021e-01,
        -9.21284258e-01, -7.70590484e-01],
       [ 9.46458161e-01,  9.96918023e-01,  7.84502998e-02,
        -9.14432824e-01, -4.32627887e-01],
       [ 7.42310286e-01,  9.98394549e-01,  5.66421412e-02,
        -1.23403776e+00,  1.92143947e-01],
       [ 5.24357319e-01,  9.96256530e-01,  8.64462554e-02,
        -1.06086481e+00,  1.36887521e-01],
       [ 3.37850630e-01,  9.93355453e-01,  1.15086593e-01,
        -9.02992070e-01,  1.80076152e-01],
       [ 2.29274437e-01,  9.95337009e-01,  9.64586884e-02,
        -3.02991807e-01, -3.97086650e-01],
       [ 1.53332934e-01,  9.97648597e-01,  6.85366020e-02,
        -4.95812029e-01,  8.88190344e-02],
       [ 9.89410952e-02,  9.98252571e-01,  5.90910949e-02,
        -1.83908746e-01, -2.11028606e-01],
       [ 3.40936817e-02,  9.96749878e-01,  8.05582106e-02,
        -5.37027895e-01,  4.59799320e-01],
       [ 8.36781051e-04,  9.95578349e-01,  9.39347744e-02,
         1.45467550e-01, -2.95775324e-01],
       [ 4.17882651e-02,  9.99354720e-01,  3.59185189e-02,
         3.37459981e-01, -4.13595855e-01],
       [ 8.28019306e-02,  9.99983609e-01, -5.72174322e-03,
         1.19107060e-01, -6.81886524e-02],
       [ 9.59707424e-02,  9.99962747e-01, -8.63319449e-03,
         3.58786061e-02,  3.26730199e-02],
       [ 1.27878174e-01,  9.99071598e-01, -4.30809818e-02,
         3.19346368e-01, -4.31265891e-01],
       [ 1.10225849e-01,  9.99625027e-01, -2.73823701e-02,
        -4.87849712e-01,  5.89372396e-01],
       [ 5.04141897e-02,  9.99241173e-01,  3.89496721e-02,
        -2.17116117e-01,  2.19898224e-01],
       [ 6.25406876e-02,  9.99914169e-01,  1.31012546e-02,
         3.60298127e-01, -5.35420656e-01],
       [ 7.25504681e-02,  9.99985933e-01, -5.30839711e-03,
        -2.59766549e-01,  3.41946006e-01],
       [ 6.38233125e-02,  9.99997795e-01,  2.09086319e-03,
         1.56942859e-01, -2.51681715e-01],
       [ 8.59324560e-02,  9.99317229e-01, -3.69466990e-02,
         8.95260721e-02, -2.00044841e-01],
       [ 5.63145094e-02,  9.99817133e-01, -1.91228688e-02,
        -3.86119097e-01,  3.87473762e-01],
       [ 6.07294904e-04,  9.99533772e-01,  3.05332839e-02,
        -2.33881697e-01,  1.87072098e-01],
       [-1.32083604e-02,  9.99492764e-01,  3.18474881e-02,
         7.13139847e-02, -1.71023935e-01],
       [-1.30866617e-02,  9.99665856e-01,  2.58499645e-02,
        -6.96812049e-02,  9.35830995e-02],
       [ 1.58028142e-03,  9.99965787e-01,  8.27417430e-03,
         2.42578775e-01, -3.08021158e-01],
       [ 1.63776129e-02,  9.99985576e-01, -5.36926091e-03,
        -8.65130574e-02,  1.57806709e-01],
       [ 3.98957543e-03,  9.99816775e-01,  1.91431437e-02,
        -5.16418926e-02,  1.25790253e-01],
       [ 1.24115096e-02,  9.99798179e-01,  2.00889949e-02,
         1.50701895e-01, -1.14245467e-01],
       [ 3.71182337e-02,  9.99979317e-01,  6.43524574e-03,
         1.24101289e-01, -4.37270999e-02],
       [ 6.01575598e-02,  9.99995232e-01, -3.08338390e-03,
         1.47136480e-01, -7.23761991e-02],
       [ 7.27696419e-02,  9.99989569e-01,  4.56304103e-03,
        -1.45429512e-02,  1.56553060e-01],
       [ 9.04576704e-02,  9.99998331e-01,  1.82806212e-03,
         2.35690847e-01, -1.91851214e-01],
       [ 1.15880303e-01,  9.99958336e-01, -9.13080294e-03,
         4.70139869e-02,  6.50596842e-02],
       [ 1.23302095e-01,  9.99995828e-01,  2.88384710e-03,
         3.52005512e-02,  7.39380792e-02],
       [ 1.55165598e-01,  9.99752343e-01, -2.22547557e-02,
         3.40150505e-01, -3.80563736e-01],
       [ 1.65849268e-01,  9.99698222e-01, -2.45645437e-02,
        -2.33249769e-01,  3.56260329e-01],
       [ 1.47393495e-01,  9.99995768e-01,  2.90312222e-03,
         2.76146773e-02, -3.84739712e-02],
       [ 1.45805642e-01,  9.99981344e-01,  6.11046655e-03,
        -4.53230441e-02,  7.55778402e-02],
       [ 1.49401039e-01,  9.99991775e-01,  4.05428093e-03,
         8.76604468e-02, -1.00655951e-01],
       [ 1.57605752e-01,  9.99994755e-01, -3.24438093e-03,
         9.01015196e-03,  1.16287544e-02],
       [ 1.58767045e-01,  9.99999225e-01, -1.26361172e-03,
         4.61324491e-03,  1.25315897e-02],
       [ 1.46968260e-01,  9.99803722e-01,  1.98119245e-02,
        -1.43833041e-01,  2.44540378e-01],
       [ 1.64495021e-01,  9.99987602e-01,  4.98034200e-03,
         3.50319386e-01, -4.25489545e-01],
       [ 1.83538452e-01,  9.99958992e-01, -9.05829761e-03,
        -1.49545416e-01,  2.70906925e-01],
       [ 1.77557692e-01,  9.99966502e-01,  8.18371959e-03,
         7.44637549e-02, -4.83440384e-02]], dtype=float32), 'action': array([-0.20031902,  0.46169   ,  0.40206265,  0.5178834 ,  0.46113718,
        0.4474306 , -0.30606785, -0.42606476, -0.4093304 , -0.37920827,
        0.48749876, -0.13156185,  0.01249262, -0.16869   ,  0.09874117,
        0.09246947,  0.35068905, -0.09891999,  0.20506433, -0.1972307 ,
        0.41946456,  0.12074651, -0.12383924, -0.05088338,  0.16036312,
       -0.39853507,  0.16429767,  0.35141554, -0.31910017,  0.25217345,
       -0.03975487, -0.24692947,  0.08745132,  0.18694837, -0.08866888,
        0.19024423, -0.17826466,  0.02041679,  0.1238723 , -0.01429084,
        0.01406926, -0.08757616,  0.16115369, -0.10815913, -0.00697057,
        0.18396501, -0.29695192,  0.14845018, -0.04140543,  0.08086592,
       -0.04758649, -0.00281816, -0.08923457,  0.30004564, -0.2710646 ,
        0.14402825,  0.04454713], dtype=float32), 'dt': array([15, 18, 19, 18, 18, 19, 22, 13, 15, 12, 20, 21, 19, 19, 19, 19, 18,
       19, 16, 18, 17, 17, 18, 17, 18, 21, 17, 17, 20, 17, 18, 20, 18, 17,
       16, 17, 19, 18, 17, 18, 17, 19, 16, 18, 18, 17, 20, 18, 18, 17, 17,
       17, 17, 17, 19, 16, 18], dtype=int32), 'latent_action': array([[ 0.7457775 ,  0.75290763],
       [-0.7448249 , -0.729038  ],
       [-0.76508474, -0.791677  ],
       [-0.77225506, -0.79216576],
       [-0.7499049 , -0.7642003 ],
       [-0.6998202 , -0.74125075],
       [ 0.7395103 , -0.75759256],
       [ 0.74992347,  0.6294927 ],
       [ 0.7780865 ,  0.29558554],
       [ 0.53706694,  0.69124544],
       [-0.402809  , -0.7612565 ],
       [ 0.5908392 , -0.7822    ],
       [ 0.18444255, -0.77091765],
       [ 0.5018288 , -0.7481278 ],
       [ 0.07168916, -0.7751736 ],
       [-0.03650802, -0.78115124],
       [-0.42553362, -0.7430425 ],
       [ 0.36474875, -0.77328795],
       [-0.13264053, -0.7247865 ],
       [ 0.37958217, -0.79166627],
       [-0.75884956, -0.7511977 ],
       [-0.07074176, -0.7533492 ],
       [ 0.40591517, -0.7332357 ],
       [ 0.21944386, -0.7975471 ],
       [ 0.08135562, -0.7808801 ],
       [ 0.75929135, -0.77806044],
       [-0.15963915, -0.79147947],
       [-0.29739696, -0.7862094 ],
       [ 0.69978786, -0.7682905 ],
       [-0.1623625 , -0.7559969 ],
       [ 0.35873383, -0.77539146],
       [ 0.62190783, -0.75837   ],
       [-0.02771252, -0.759307  ],
       [-0.08362716, -0.7570638 ],
       [ 0.28465533, -0.7096858 ],
       [-0.00544089, -0.7945663 ],
       [ 0.38066658, -0.7760218 ],
       [ 0.11137562, -0.75467026],
       [-0.12616032, -0.7676503 ],
       [ 0.15482105, -0.75189066],
       [ 0.12944314, -0.74987614],
       [ 0.28132945, -0.756754  ],
       [-0.07917396, -0.76157194],
       [ 0.29498494, -0.74064404],
       [ 0.11742215, -0.77187705],
       [-0.02187159, -0.74520034],
       [ 0.6561997 , -0.76944596],
       [-0.05892664, -0.76468945],
       [ 0.22524433, -0.76703185],
       [ 0.09802188, -0.7865607 ],
       [ 0.23646438, -0.7436424 ],
       [ 0.15047014, -0.7401345 ],
       [ 0.22742061, -0.7426473 ],
       [-0.36707383, -0.7629566 ],
       [ 0.5847167 , -0.7862371 ],
       [-0.13113064, -0.7656813 ],
       [ 0.13765454, -0.7834784 ]], dtype=float32), 'hybrid_action': array([[-0.20031902, -0.0329674 ],
       [ 0.46169   ,  0.14998381],
       [ 0.40206265,  0.21392868],
       [ 0.5178834 ,  0.16072841],
       [ 0.46113718,  0.20228456],
       [ 0.4474306 ,  0.26403937],
       [-0.30606785,  0.47163042],
       [-0.42606476, -0.18924886],
       [-0.4093304 , -0.06737563],
       [-0.37920827, -0.25712898],
       [ 0.48749876,  0.28543383],
       [-0.13156185,  0.38763565],
       [ 0.01249262,  0.219747  ],
       [-0.16869   ,  0.25277442],
       [ 0.09874117,  0.23771054],
       [ 0.09246947,  0.20753144],
       [ 0.35068905,  0.19829632],
       [-0.09891999,  0.2230228 ],
       [ 0.20506433,  0.05976588],
       [-0.1972307 ,  0.15476389],
       [ 0.41946456,  0.13541085],
       [ 0.12074651,  0.1069108 ],
       [-0.12383924,  0.16148193],
       [-0.05088338,  0.12593614],
       [ 0.16036312,  0.17263237],
       [-0.39853507,  0.34746927],
       [ 0.16429767,  0.06996454],
       [ 0.35141554,  0.10196947],
       [-0.31910017,  0.291606  ],
       [ 0.25217345,  0.0795783 ],
       [-0.03975487,  0.15697394],
       [-0.24692947,  0.32248107],
       [ 0.08745132,  0.17831126],
       [ 0.18694837,  0.13589928],
       [-0.08866888,  0.03506246],
       [ 0.19024423,  0.13185109],
       [-0.17826466,  0.2200036 ],
       [ 0.02041679,  0.18968146],
       [ 0.1238723 ,  0.11979862],
       [-0.01429084,  0.17383642],
       [ 0.01406926,  0.12850055],
       [-0.08757616,  0.21243992],
       [ 0.16115369,  0.03136826],
       [-0.10815913,  0.18100688],
       [-0.00697057,  0.14470872],
       [ 0.18396501,  0.12048645],
       [-0.29695192,  0.31988963],
       [ 0.14845018,  0.14113511],
       [-0.04140543,  0.15475985],
       [ 0.08086592,  0.10612346],
       [-0.04758649,  0.13343006],
       [-0.00281816,  0.11113574],
       [-0.08923457,  0.12136643],
       [ 0.30004564,  0.11626758],
       [-0.2710646 ,  0.26834175],
       [ 0.14402825,  0.02211236],
       [ 0.04454713,  0.14262399]], dtype=float32)}",7.735830808824698,56.400000000000006
4850,804.296875695616,"{0: [0, 0, 0, 0, 0, 0, 0, 0, 0, 0, 0, 3, 11, 5, 8, 24, 144, 198, 118, 37, 11, 3, 2, 0, 0, 0, 0, 0, 0, 0]}",[804.296875695616],"{'state': array([[ 0.00000000e+00,  0.00000000e+00,  0.00000000e+00,
         0.00000000e+00,  0.00000000e+00],
       [-2.15973873e-02, -9.98962224e-01,  4.55460958e-02,
        -3.86242121e-01, -4.93685186e-01],
       [-1.26333181e-02, -9.99988079e-01,  4.88823513e-03,
         4.79727775e-01,  9.02230322e-01],
       [ 1.56258404e-01, -9.65854466e-01, -2.59085178e-01,
         1.38930011e+00,  1.93099725e+00],
       [ 5.04113913e-01, -7.99602985e-01, -6.00528955e-01,
         2.26222706e+00,  1.88461852e+00],
       [ 9.63623047e-01, -6.34954035e-01, -7.72549927e-01,
         2.84439588e+00,  6.70617402e-01],
       [ 1.62699783e+00, -6.70345247e-01, -7.42049336e-01,
         3.47262120e+00, -1.09571648e+00],
       [ 1.86661625e+00, -9.78392124e-01,  2.06758007e-01,
        -5.28631866e-01, -7.13602686e+00],
       [ 1.78603649e+00, -5.07147253e-01,  8.61859441e-01,
        -7.84173310e-01, -6.45247126e+00],
       [ 1.63163185e+00,  3.26483965e-01,  9.45202708e-01,
        -1.18424380e+00, -4.24687147e+00],
       [ 1.48333156e+00,  7.05041766e-01,  7.09165752e-01,
        -1.11135149e+00, -2.74548888e+00],
       [ 1.28116751e+00,  9.36322153e-01,  3.51142138e-01,
        -8.15478742e-01, -1.54015088e+00],
       [ 1.10711253e+00,  9.89716887e-01,  1.43040299e-01,
        -9.21970248e-01, -7.14459181e-01],
       [ 9.19807315e-01,  9.97433245e-01,  7.16022626e-02,
        -1.15786839e+00, -1.16159827e-01],
       [ 6.85488045e-01,  9.96055126e-01,  8.87366906e-02,
        -1.30900574e+00,  3.05302620e-01],
       [ 5.04827797e-01,  9.97374654e-01,  7.24141821e-02,
        -5.92298567e-01, -4.85836565e-01],
       [ 3.60870242e-01,  9.98630106e-01,  5.23253195e-02,
        -1.00683451e+00,  2.53132582e-01],
       [ 2.03493714e-01,  9.96963263e-01,  7.78729692e-02,
        -7.42340922e-01,  4.31666002e-02],
       [ 7.66352117e-02,  9.95499432e-01,  9.47677419e-02,
        -6.67546332e-01,  1.53013304e-01],
       [ 3.61896446e-03,  9.97527897e-01,  7.02713281e-02,
        -1.00477241e-01, -4.23915982e-01],
       [-3.91337983e-02,  9.99098957e-01,  4.24415283e-02,
        -3.73996913e-01,  1.01577461e-01],
       [-8.06038454e-02,  9.99450445e-01,  3.31490822e-02,
        -8.65885392e-02, -2.09179386e-01],
       [-1.09522633e-01,  9.99839604e-01,  1.79097969e-02,
        -2.17486456e-01,  4.13665548e-02],
       [-1.51867107e-01,  9.99382615e-01,  3.51340696e-02,
        -2.53363729e-01,  1.57962084e-01],
       [-1.77414358e-01,  9.98992085e-01,  4.48870137e-02,
        -4.73894887e-02, -3.88805456e-02],
       [-1.69760853e-01,  9.99716222e-01,  2.38209851e-02,
         1.43450499e-01, -2.33229131e-01],
       [-1.61427632e-01,  9.99941468e-01,  1.08175585e-02,
        -4.51565459e-02,  7.46037066e-02],
       [-1.71564281e-01,  9.99536574e-01,  3.04413848e-02,
        -7.44821578e-02,  1.64804488e-01],
       [-1.62862778e-01,  9.99451399e-01,  3.31190042e-02,
         1.83197036e-01, -1.30213678e-01],
       [-1.22990400e-01,  9.99985695e-01,  5.34663629e-03,
         2.60406405e-01, -1.91158190e-01],
       [-7.96700642e-02,  9.99685228e-01, -2.50883587e-02,
         2.21563503e-01, -1.60973802e-01],
       [-6.29946813e-02,  9.99653161e-01, -2.63358057e-02,
        -4.60012369e-02,  1.47226870e-01],
       [-9.04432014e-02,  9.99686062e-01,  2.50544790e-02,
        -2.60042816e-01,  4.47362095e-01],
       [-8.71321633e-02,  9.99203861e-01,  3.98955047e-02,
         2.98684865e-01, -2.66140789e-01],
       [-4.36757058e-02,  9.99938071e-01,  1.11288028e-02,
         2.13129297e-01, -8.48423913e-02],
       [-1.06378160e-02,  9.99995768e-01,  2.91886460e-03,
         1.75713643e-01, -1.53008923e-02],
       [ 1.07037565e-02,  9.99867082e-01,  1.63043384e-02,
         6.11389279e-02,  1.70157537e-01],
       [ 5.11269495e-02,  9.99963462e-01,  8.54916591e-03,
         3.88165653e-01, -2.59887457e-01],
       [ 1.17342368e-01,  9.99306083e-01, -3.72478664e-02,
         3.91734540e-01, -2.98814565e-01],
       [ 1.44789368e-01,  9.99300301e-01, -3.74020524e-02,
        -1.02807619e-01,  2.97102869e-01],
       [ 1.42416522e-01,  9.99898374e-01, -1.42555106e-02,
         7.44404420e-02, -1.47044286e-02],
       [ 1.60615951e-01,  9.99611855e-01, -2.78593861e-02,
         1.28056467e-01, -1.42705843e-01],
       [ 1.58458412e-01,  9.99700963e-01, -2.44525429e-02,
        -1.50838822e-01,  1.80225492e-01],
       [ 1.28037274e-01,  9.99946594e-01,  1.03321215e-02,
        -2.07738757e-01,  2.44090319e-01],
       [ 1.27289921e-01,  9.99989867e-01,  4.49644541e-03,
         1.99551165e-01, -3.11603248e-01],
       [ 1.31455138e-01,  9.99974370e-01, -7.15631247e-03,
        -1.55445114e-01,  1.83300659e-01],
       [ 1.20841131e-01,  9.99999762e-01,  7.05768820e-04,
         3.04174013e-02, -8.73988941e-02],
       [ 1.16982058e-01,  9.99999046e-01, -1.36498781e-03,
        -7.57760778e-02,  6.21384196e-02],
       [ 8.23700279e-02,  9.99117732e-01,  4.19975780e-02,
        -2.89496064e-01,  4.15313721e-01],
       [ 1.09040909e-01,  9.99913931e-01,  1.31210098e-02,
         5.86459339e-01, -7.49769092e-01],
       [ 1.70755267e-01,  9.98057425e-01, -6.23004436e-02,
         3.24614197e-02, -4.35091704e-02],
       [ 1.21588513e-01,  9.99985695e-01, -5.34451753e-03,
        -5.25472164e-01,  6.42730951e-01],
       [ 9.58756134e-02,  9.99900699e-01,  1.40933907e-02,
         2.22570732e-01, -4.05563921e-01],
       [ 9.59890112e-02,  9.99999881e-01, -4.99849208e-04,
        -2.21002281e-01,  2.36724257e-01],
       [ 7.58418143e-02,  9.99870837e-01,  1.60733890e-02,
        -1.63534638e-02, -3.45504843e-02],
       [ 6.49760291e-02,  9.99675155e-01,  2.54870579e-02,
        -1.11661948e-01,  1.49389729e-01]], dtype=float32), 'action': array([-0.252163  ,  0.4646325 ,  0.529151  ,  0.51489437,  0.38592908,
        0.356855  , -0.31713212, -0.38884157, -0.420687  ,  0.04049996,
        0.16668537, -0.0402397 , -0.1277884 , -0.07651063,  0.39413399,
       -0.23288567,  0.15576488,  0.04870839,  0.31314728, -0.1525974 ,
        0.16700053, -0.0692005 , -0.01870053,  0.12748447,  0.12513234,
       -0.11298557, -0.01632753,  0.16794246,  0.04549976, -0.0228855 ,
       -0.14679365, -0.12247621,  0.34055564, -0.05002047, -0.02215522,
       -0.06486096,  0.1879161 ,  0.00118965, -0.27063555,  0.10552458,
        0.0292163 , -0.15297094, -0.03494697,  0.2334637 , -0.19249949,
        0.11229925, -0.06431641, -0.11445729,  0.50296205, -0.28702644,
       -0.2897221 ,  0.45318946, -0.25323215,  0.12443537, -0.05626494,
        0.25167033], dtype=float32), 'dt': array([15, 19, 18, 19, 18, 21, 22, 12, 16, 13, 21, 20, 18, 19, 19, 18, 18,
       18, 19, 18, 18, 19, 18, 17, 16, 17, 17, 16, 18, 18, 19, 18, 17, 17,
       17, 18, 18, 17, 19, 17, 18, 19, 17, 18, 19, 17, 17, 19, 18, 20, 20,
       17, 18, 17, 17, 17], dtype=int32), 'latent_action': array([[ 0.76399004,  0.7500547 ],
       [-0.7578641 , -0.7923158 ],
       [-0.7531271 , -0.7670214 ],
       [-0.751776  , -0.76175004],
       [-0.75296605, -0.7483817 ],
       [-0.74877423, -0.7525161 ],
       [ 0.76873666, -0.5361626 ],
       [ 0.7487079 ,  0.58998156],
       [ 0.72532475,  0.2924057 ],
       [-0.06307957,  0.213348  ],
       [ 0.13095774, -0.7910801 ],
       [ 0.37929982, -0.7152724 ],
       [ 0.4501071 , -0.72768277],
       [ 0.32320958, -0.80049866],
       [-0.34532425, -0.7608263 ],
       [ 0.4354076 , -0.73517305],
       [ 0.01925549, -0.75085264],
       [ 0.04024327, -0.77137166],
       [-0.34799978, -0.7621301 ],
       [ 0.39360484, -0.765329  ],
       [-0.01703328, -0.72873914],
       [ 0.3846323 , -0.7669203 ],
       [ 0.22646943, -0.79084706],
       [-0.02865751, -0.7893841 ],
       [ 0.04950966, -0.77984434],
       [ 0.34330115, -0.77249134],
       [ 0.13343608, -0.7917711 ],
       [-0.09382757, -0.74602354],
       [ 0.13896042, -0.7625095 ],
       [ 0.36886314, -0.764393  ],
       [ 0.4658124 , -0.73383296],
       [ 0.22236249, -0.7660452 ],
       [-0.53752947, -0.77258235],
       [ 0.20617579, -0.7818186 ],
       [ 0.13221543, -0.78671956],
       [ 0.1711537 , -0.7712384 ],
       [-0.2947882 , -0.78295434],
       [ 0.27420965, -0.77409196],
       [ 0.57756424, -0.77463394],
       [-0.02715732, -0.79187167],
       [ 0.23211955, -0.75175923],
       [ 0.38810498, -0.7984838 ],
       [ 0.20867608, -0.7511886 ],
       [-0.21409641, -0.74143803],
       [ 0.44269598, -0.7805267 ],
       [-0.00276382, -0.7319913 ],
       [ 0.2984297 , -0.74079484],
       [ 0.23324727, -0.7529869 ],
       [-0.72533303, -0.7339801 ],
       [ 0.78168654, -0.7102349 ],
       [ 0.55758846, -0.7377312 ],
       [-0.5824052 , -0.7501668 ],
       [ 0.5213769 , -0.7661592 ],
       [-0.16420168, -0.7471096 ],
       [ 0.16557465, -0.7734561 ],
       [-0.2109556 , -0.7418343 ]], dtype=float32), 'hybrid_action': array([[-0.252163  , -0.039637  ],
       [ 0.4646325 ,  0.21088396],
       [ 0.529151  ,  0.19336478],
       [ 0.51489437,  0.24111167],
       [ 0.38592908,  0.2033726 ],
       [ 0.356855  ,  0.34668615],
       [-0.31713212,  0.43082723],
       [-0.38884157, -0.20910068],
       [-0.420687  ,  0.04966602],
       [ 0.04049996, -0.17249793],
       [ 0.16668537,  0.3569021 ],
       [-0.0402397 ,  0.2912195 ],
       [-0.1277884 ,  0.20537375],
       [-0.07651063,  0.21444722],
       [ 0.39413399,  0.22862867],
       [-0.23288567,  0.19192088],
       [ 0.15576488,  0.18726684],
       [ 0.04870839,  0.18686147],
       [ 0.31314728,  0.22606912],
       [-0.1525974 ,  0.17851846],
       [ 0.16700053,  0.20610456],
       [-0.0692005 ,  0.21019015],
       [-0.01870053,  0.18294495],
       [ 0.12748447,  0.09184627],
       [ 0.12513234,  0.01712934],
       [-0.11298557,  0.12606737],
       [-0.01632753,  0.13458541],
       [ 0.16794246,  0.04846968],
       [ 0.04549976,  0.14544663],
       [-0.0228855 ,  0.16618015],
       [-0.14679365,  0.22976808],
       [-0.12247621,  0.20507322],
       [ 0.34055564,  0.08708339],
       [-0.05002047,  0.10294699],
       [-0.02215522,  0.10162343],
       [-0.06486096,  0.1502176 ],
       [ 0.1879161 ,  0.18782207],
       [ 0.00118965,  0.10516954],
       [-0.27063555,  0.25398046],
       [ 0.10552458,  0.08201218],
       [ 0.0292163 ,  0.13810836],
       [-0.15297094,  0.20883855],
       [-0.03494697,  0.11618312],
       [ 0.2334637 ,  0.16204837],
       [-0.19249949,  0.2245444 ],
       [ 0.11229925,  0.13249753],
       [-0.06431641,  0.12925798],
       [-0.11445729,  0.21683408],
       [ 0.50296205,  0.16654722],
       [-0.28702644,  0.3385768 ],
       [-0.2897221 ,  0.31324255],
       [ 0.45318946,  0.09646402],
       [-0.25323215,  0.18542656],
       [ 0.12443537,  0.10584238],
       [-0.05626494,  0.1345061 ],
       [ 0.25167033,  0.10775856]], dtype=float32)}",7.311777201696045,56.400000000000006
4900,803.1464912643982,"{0: [0, 0, 0, 0, 0, 0, 0, 0, 0, 0, 1, 3, 6, 8, 10, 26, 146, 187, 117, 45, 8, 7, 0, 0, 0, 0, 0, 0, 0, 0]}",[803.1464912643982],"{'state': array([[ 0.00000000e+00,  0.00000000e+00,  0.00000000e+00,
         0.00000000e+00,  0.00000000e+00],
       [-1.33168940e-02, -9.98818874e-01,  4.85891253e-02,
        -3.46113235e-01, -4.15715605e-01],
       [ 8.50286987e-03, -9.99935031e-01, -1.13999359e-02,
         5.87325215e-01,  1.05506206e+00],
       [ 1.85311764e-01, -9.59963262e-01, -2.80125946e-01,
         1.36962581e+00,  1.83763027e+00],
       [ 4.86380816e-01, -8.20013106e-01, -5.72344780e-01,
         2.16460419e+00,  1.83331573e+00],
       [ 9.70450461e-01, -6.45515203e-01, -7.63747394e-01,
         2.93049145e+00,  7.79889584e-01],
       [ 1.62683845e+00, -6.48320198e-01, -7.61367798e-01,
         3.63332224e+00, -8.15113842e-01],
       [ 1.86751783e+00, -9.90002155e-01,  1.41052336e-01,
        -5.48985422e-01, -7.00831556e+00],
       [ 1.77280641e+00, -5.12753725e-01,  8.58535767e-01,
        -8.70633066e-01, -6.38793421e+00],
       [ 1.58873284e+00,  3.50860536e-01,  9.36427712e-01,
        -1.33771431e+00, -4.04105330e+00],
       [ 1.37832594e+00,  7.92707741e-01,  6.09601855e-01,
        -1.01758051e+00, -2.30849576e+00],
       [ 1.17378974e+00,  9.34882164e-01,  3.54958206e-01,
        -1.13656485e+00, -8.83052349e-01],
       [ 1.00378680e+00,  9.77986097e-01,  2.08669960e-01,
        -6.49890900e-01, -7.99127758e-01],
       [ 8.93615961e-01,  9.95454788e-01,  9.52354595e-02,
        -5.72071016e-01, -5.28768778e-01],
       [ 7.80732512e-01,  9.99527395e-01,  3.07414439e-02,
        -6.80897117e-01, -2.18739212e-01],
       [ 6.29748344e-01,  9.99639571e-01,  2.68455297e-02,
        -9.08322155e-01,  1.75832972e-01],
       [ 4.55282301e-01,  9.97310638e-01,  7.32907429e-02,
        -9.29166257e-01,  3.36111814e-01],
       [ 3.43917161e-01,  9.96809185e-01,  7.98212662e-02,
        -3.81158054e-01, -2.56134242e-01],
       [ 2.67223388e-01,  9.98095334e-01,  6.16900437e-02,
        -4.70628232e-01,  4.59078327e-02],
       [ 2.00946838e-01,  9.98343527e-01,  5.75344935e-02,
        -2.65693277e-01, -9.40747485e-02],
       [ 1.59818023e-01,  9.98910069e-01,  4.66766655e-02,
        -2.17963040e-01, -3.85417528e-02],
       [ 1.37114316e-01,  9.99678314e-01,  2.53620744e-02,
        -3.38554792e-02, -2.08239660e-01],
       [ 1.03167459e-01,  9.99441743e-01,  3.34103853e-02,
        -3.43490928e-01,  3.01361322e-01],
       [ 8.53646770e-02,  9.99422610e-01,  3.39764804e-02,
         1.34028271e-01, -2.94439018e-01],
       [ 9.41992402e-02,  9.99961019e-01,  8.83019622e-03,
        -2.96008140e-02, -1.23348460e-02],
       [ 9.27443877e-02,  9.99996424e-01,  2.67571956e-03,
         1.35632427e-02, -5.88665120e-02],
       [ 9.30482373e-02,  9.99990165e-01, -4.42925002e-03,
        -9.84846521e-03, -2.77968794e-02],
       [ 7.23947212e-02,  9.99832153e-01,  1.83195472e-02,
        -2.33576357e-01,  3.05273741e-01],
       [ 7.06640407e-02,  9.99785006e-01,  2.07360424e-02,
         2.14288771e-01, -2.77294129e-01],
       [ 8.98938924e-02,  9.99999166e-01,  1.31205772e-03,
        -2.18840549e-04,  5.25693558e-02],
       [ 9.67447311e-02,  9.99999106e-01,  1.35757145e-03,
         7.63371736e-02, -5.20409942e-02],
       [ 9.04756337e-02,  9.99772251e-01,  2.13413332e-02,
        -1.50478408e-01,  2.95793146e-01],
       [ 1.12288445e-01,  9.99987721e-01,  4.95343935e-03,
         4.41599667e-01, -5.20629108e-01],
       [ 1.40243843e-01,  9.99883592e-01, -1.52566051e-02,
        -1.61565781e-01,  3.08202773e-01],
       [ 1.46774679e-01,  9.99912083e-01, -1.32600646e-02,
         2.34083623e-01, -2.85095602e-01],
       [ 1.45572305e-01,  9.99980927e-01, -6.17343700e-03,
        -2.46264696e-01,  3.59565884e-01],
       [ 1.22441694e-01,  9.99573290e-01,  2.92108841e-02,
        -4.35274988e-02,  9.72442776e-02],
       [ 1.51607081e-01,  9.99997556e-01, -2.20046472e-03,
         3.87268811e-01, -4.80491668e-01],
       [ 1.76372319e-01,  9.99619842e-01, -2.75721755e-02,
        -1.50776878e-01,  2.25213140e-01],
       [ 1.47416115e-01,  9.99921560e-01,  1.25247026e-02,
        -1.90669745e-01,  2.63910443e-01],
       [ 1.47840321e-01,  9.99908984e-01,  1.34937121e-02,
         1.95635691e-01, -2.52079487e-01],
       [ 1.59807876e-01,  9.99993801e-01,  3.52713047e-03,
        -6.94396421e-02,  1.42349795e-01],
       [ 1.66257605e-01,  9.99996781e-01,  2.53028329e-03,
         1.45335466e-01, -1.54504359e-01],
       [ 1.72740698e-01,  9.99995291e-01,  3.06828110e-03,
        -7.33089894e-02,  1.60723209e-01],
       [ 1.95967257e-01,  9.99792218e-01, -2.03854013e-02,
         3.31859946e-01, -4.32049960e-01],
       [ 2.08227918e-01,  9.99289930e-01, -3.76782939e-02,
        -2.02400982e-01,  2.41485134e-01],
       [ 1.77608147e-01,  9.99971330e-01, -7.57167209e-03,
        -1.58420697e-01,  1.25832364e-01],
       [ 1.47262365e-01,  9.99841094e-01,  1.78265944e-02,
        -1.79281890e-01,  1.68007091e-01],
       [ 1.50055543e-01,  9.99997437e-01,  2.25843606e-03,
         2.14482784e-01, -3.68983686e-01],
       [ 1.68446869e-01,  9.99273419e-01, -3.81129459e-02,
        -9.28767957e-03, -9.82262269e-02],
       [ 1.22580312e-01,  9.99999046e-01, -1.39397173e-03,
        -4.74329978e-01,  5.02675831e-01],
       [ 8.61822814e-02,  9.99770939e-01,  2.14038379e-02,
         6.94191530e-02, -2.38841698e-01],
       [ 6.85959607e-02,  9.99691784e-01,  2.48272289e-02,
        -2.54607201e-01,  2.76525021e-01],
       [ 6.07939661e-02,  9.99642253e-01,  2.67473496e-02,
         1.62774563e-01, -2.53080577e-01],
       [ 7.84706771e-02,  9.99998510e-01,  1.73610949e-03,
         3.41525972e-02, -3.62973101e-02],
       [ 6.47178143e-02,  9.99677837e-01,  2.53825206e-02,
        -1.87446997e-01,  3.09867084e-01],
       [ 8.20964128e-02,  9.99920011e-01,  1.26460707e-02,
         3.92150134e-01, -4.65288699e-01]], dtype=float32), 'action': array([-0.24448985,  0.5296013 ,  0.45842546,  0.52215445,  0.46984926,
        0.41251814, -0.29573837, -0.41307715, -0.4403209 ,  0.18413119,
       -0.0425076 ,  0.28287214,  0.05461405, -0.05798816, -0.12132774,
       -0.00791782,  0.33719242, -0.0463326 ,  0.12133797,  0.03250215,
        0.10779073, -0.17508204,  0.29146418, -0.09758285,  0.02508508,
       -0.01423485, -0.1349765 ,  0.25751552, -0.12192143,  0.0438803 ,
       -0.13653643,  0.40698624, -0.31101426,  0.22530875, -0.24807614,
        0.13117597,  0.26176816, -0.26502714, -0.02468148,  0.23478757,
       -0.14308242,  0.13024306, -0.12485797,  0.23114629, -0.291588  ,
        0.02505221, -0.01158606,  0.253934  , -0.12922052, -0.25343576,
        0.31168485, -0.17404023,  0.25449678, -0.07257815, -0.12581289,
        0.35224387, -0.22124301], dtype=float32), 'dt': array([14, 18, 18, 17, 19, 20, 22, 13, 17, 18, 19, 19, 18, 18, 19, 19, 17,
       18, 18, 17, 18, 18, 17, 17, 18, 17, 17, 18, 18, 18, 17, 15, 20, 18,
       20, 16, 17, 21, 17, 17, 19, 17, 18, 18, 19, 17, 18, 16, 18, 19, 18,
       19, 17, 18, 18, 17, 19], dtype=int32), 'latent_action': array([[ 0.7496584 ,  0.76070064],
       [-0.74526894, -0.765814  ],
       [-0.76228666, -0.76850176],
       [-0.736315  , -0.74313253],
       [-0.7658138 , -0.76270986],
       [-0.77982426, -0.7557053 ],
       [ 0.72906625, -0.5927737 ],
       [ 0.7295755 ,  0.6036896 ],
       [ 0.78089964,  0.2744669 ],
       [-0.02258933, -0.4432838 ],
       [ 0.2401174 , -0.748731  ],
       [-0.3055123 , -0.7793747 ],
       [ 0.10616823, -0.7549525 ],
       [ 0.4202008 , -0.73211783],
       [ 0.35293284, -0.77876174],
       [ 0.09041185, -0.71954036],
       [-0.3779869 , -0.73412347],
       [ 0.20402741, -0.7418355 ],
       [ 0.02428516, -0.76377505],
       [ 0.0793288 , -0.7843157 ],
       [ 0.05775649, -0.74176335],
       [ 0.34360936, -0.7598112 ],
       [-0.26769894, -0.77801704],
       [ 0.26556838, -0.7440934 ],
       [ 0.13240288, -0.7991861 ],
       [ 0.2728446 , -0.74497104],
       [ 0.25293478, -0.77218527],
       [-0.3037062 , -0.7500412 ],
       [ 0.31796253, -0.74433315],
       [ 0.1797008 , -0.7174592 ],
       [ 0.23875356, -0.7674238 ],
       [-0.41671443, -0.76680356],
       [ 0.6683818 , -0.7695264 ],
       [-0.11966722, -0.776313  ],
       [ 0.43551752, -0.74897844],
       [-0.19842508, -0.7632259 ],
       [-0.15906352, -0.7561344 ],
       [ 0.6713775 , -0.7889449 ],
       [ 0.08703092, -0.7623364 ],
       [-0.27333176, -0.7570144 ],
       [ 0.32781553, -0.74434686],
       [-0.08983643, -0.7515367 ],
       [ 0.319693  , -0.7963746 ],
       [-0.0643767 , -0.78377956],
       [ 0.6674131 , -0.7854886 ],
       [ 0.174743  , -0.7693331 ],
       [ 0.17587116, -0.8017058 ],
       [-0.153426  , -0.73553026],
       [ 0.51842207, -0.7640302 ],
       [ 0.48680106, -0.7690948 ],
       [-0.31726104, -0.7460599 ],
       [ 0.34263527, -0.7850132 ],
       [-0.22661401, -0.75709873],
       [ 0.32679877, -0.7509341 ],
       [ 0.23874702, -0.75307876],
       [-0.46079338, -0.74264556],
       [ 0.5976445 , -0.7310623 ]], dtype=float32), 'hybrid_action': array([[-0.24448985, -0.12459322],
       [ 0.5296013 ,  0.1932145 ],
       [ 0.45842546,  0.17942348],
       [ 0.52215445,  0.12008771],
       [ 0.46984926,  0.24881652],
       [ 0.41251814,  0.3265541 ],
       [-0.29573837,  0.48168904],
       [-0.41307715, -0.17213784],
       [-0.4403209 ,  0.1087636 ],
       [ 0.18413119,  0.20593171],
       [-0.0425076 ,  0.26315224],
       [ 0.28287214,  0.22356042],
       [ 0.05461405,  0.17642285],
       [-0.05798816,  0.18835396],
       [-0.12132774,  0.26889363],
       [-0.00791782,  0.22246636],
       [ 0.33719242,  0.12994136],
       [-0.0463326 ,  0.14934702],
       [ 0.12133797,  0.20090525],
       [ 0.03250215,  0.10764156],
       [ 0.10779073,  0.19814399],
       [-0.17508204,  0.20230481],
       [ 0.29146418,  0.07454431],
       [-0.09758285,  0.12524882],
       [ 0.02508508,  0.18526892],
       [-0.01423485,  0.09458928],
       [-0.1349765 ,  0.0901968 ],
       [ 0.25751552,  0.16959508],
       [-0.12192143,  0.18091054],
       [ 0.0438803 ,  0.13961215],
       [-0.13653643,  0.07469799],
       [ 0.40698624, -0.05838885],
       [-0.31101426,  0.29417703],
       [ 0.22530875,  0.18463905],
       [-0.24807614,  0.30406082],
       [ 0.13117597,  0.06176433],
       [ 0.26176816,  0.08913264],
       [-0.26502714,  0.36019418],
       [-0.02468148,  0.13511938],
       [ 0.23478757,  0.10338809],
       [-0.14308242,  0.23331967],
       [ 0.13024306,  0.13327111],
       [-0.12485797,  0.15027988],
       [ 0.23114629,  0.14147715],
       [-0.291588  ,  0.2274174 ],
       [ 0.02505221,  0.13451086],
       [-0.01158606,  0.19529079],
       [ 0.253934  ,  0.01858095],
       [-0.12922052,  0.18262072],
       [-0.25343576,  0.22578345],
       [ 0.31168485,  0.18524547],
       [-0.17404023,  0.21411061],
       [ 0.25449678,  0.11295836],
       [-0.07257815,  0.18029484],
       [-0.12581289,  0.20011754],
       [ 0.35224387,  0.11076658],
       [-0.22124301,  0.23695567]], dtype=float32)}",10.111171775810895,56.40000000000001
4950,804.3237455357092,"{0: [0, 0, 0, 0, 0, 0, 0, 0, 0, 2, 0, 2, 7, 11, 11, 20, 119, 203, 120, 43, 17, 4, 1, 0, 0, 0, 0, 0, 0, 0]}",[804.3237455357092],"{'state': array([[ 0.00000000e+00,  0.00000000e+00,  0.00000000e+00,
         0.00000000e+00,  0.00000000e+00],
       [-2.17307340e-02, -9.99158680e-01,  4.10118140e-02,
        -2.67768681e-01, -3.58760685e-01],
       [ 2.11368520e-02, -9.99276757e-01, -3.80261317e-02,
         7.17224240e-01,  1.15237427e+00],
       [ 2.04212174e-01, -9.55673575e-01, -2.94428259e-01,
         1.42973030e+00,  1.79345202e+00],
       [ 5.55443227e-01, -8.01058173e-01, -5.98586500e-01,
         2.25928259e+00,  1.63352072e+00],
       [ 1.05856359e+00, -6.52720332e-01, -7.57598937e-01,
         3.03669143e+00,  5.58976829e-01],
       [ 1.76926005e+00, -6.93889797e-01, -7.20081210e-01,
         3.73108816e+00, -1.06443417e+00],
       [ 1.85187876e+00, -9.35625076e-01,  3.52995396e-01,
        -6.99526906e-01, -7.07493973e+00],
       [ 1.73363924e+00, -2.79254645e-01,  9.60217059e-01,
        -9.71054435e-01, -5.89771748e+00],
       [ 1.56872356e+00,  4.27791864e-01,  9.03877258e-01,
        -1.26412642e+00, -3.73864937e+00],
       [ 1.38407314e+00,  8.23020160e-01,  5.68012178e-01,
        -7.99520433e-01, -2.27111101e+00],
       [ 1.23063743e+00,  9.63114679e-01,  2.69091278e-01,
        -7.33563423e-01, -1.19201887e+00],
       [ 1.08305907e+00,  9.91638899e-01,  1.29043952e-01,
        -9.04038072e-01, -4.59293932e-01],
       [ 9.14812803e-01,  9.97951210e-01,  6.39791787e-02,
        -8.65596354e-01, -2.60335594e-01],
       [ 7.41308987e-01,  9.99147475e-01,  4.12834026e-02,
        -9.60270047e-01,  1.01762824e-02],
       [ 5.46909392e-01,  9.98226583e-01,  5.95286675e-02,
        -9.84142005e-01,  1.81761324e-01],
       [ 4.01681870e-01,  9.97405648e-01,  7.19855800e-02,
        -7.24671423e-01, -2.94340085e-02],
       [ 2.83528626e-01,  9.97882605e-01,  6.50412291e-02,
        -5.87999403e-01, -5.10997660e-02],
       [ 1.74645558e-01,  9.97702897e-01,  6.77419305e-02,
        -5.58197200e-01,  8.08956474e-02],
       [ 7.87165835e-02,  9.95679736e-01,  9.28540155e-02,
        -5.08195817e-01,  2.10547909e-01],
       [ 6.23203479e-02,  9.99093533e-01,  4.25691605e-02,
         3.27161103e-01, -7.94534683e-01],
       [ 5.38153499e-02,  9.99984145e-01, -5.63322427e-03,
        -4.11118269e-01,  2.87999272e-01],
       [-2.49298336e-03,  9.99757290e-01,  2.20316257e-02,
        -2.15109468e-01,  3.20929736e-02],
       [-3.86098251e-02,  9.99560893e-01,  2.96319611e-02,
        -1.86347201e-01,  5.58647849e-02],
       [-5.09217307e-02,  9.99858320e-01,  1.68321915e-02,
         4.17524874e-02, -2.12047502e-01],
       [-5.67517541e-02,  9.99998987e-01, -1.43534795e-03,
        -1.02719277e-01,  1.09313000e-02],
       [-9.59331542e-02,  9.99493599e-01,  3.18208337e-02,
        -3.33310872e-01,  3.73828977e-01],
       [-1.12997055e-01,  9.98909235e-01,  4.66938578e-02,
         1.19719669e-01, -1.81613281e-01],
       [-8.93339887e-02,  9.99839902e-01,  1.78918764e-02,
         1.76600918e-01, -1.90363124e-01],
       [-7.32954368e-02,  9.99957681e-01,  9.20130964e-03,
         1.78757380e-03,  8.98146927e-02],
       [-5.87702617e-02,  9.99988854e-01,  4.71991906e-03,
         1.79858059e-01, -1.47658587e-01],
       [-3.95973921e-02,  9.99999881e-01, -5.03152085e-04,
         1.19938552e-02,  9.27715153e-02],
       [-3.82761136e-02,  9.99825656e-01,  1.86714698e-02,
         2.28867191e-03,  1.29068881e-01],
       [ 4.68464708e-03,  9.99832034e-01, -1.83271840e-02,
         5.03851771e-01, -5.80397844e-01],
       [ 4.97805476e-02,  9.97825623e-01, -6.59091622e-02,
        -5.17445765e-02,  7.95784742e-02],
       [ 1.18516861e-02,  9.99700665e-01, -2.44651195e-02,
        -3.48427534e-01,  3.77315521e-01],
       [-4.37935852e-02,  9.99438584e-01,  3.35039310e-02,
        -3.07354242e-01,  3.29853535e-01],
       [-4.64120731e-02,  9.99672532e-01,  2.55896598e-02,
         2.76702136e-01, -4.26463485e-01],
       [-2.76382137e-02,  9.99991894e-01, -4.03315714e-03,
        -7.84329847e-02,  1.00327067e-01],
       [-4.19546030e-02,  9.99890745e-01,  1.47836404e-02,
        -8.10291693e-02,  1.17368467e-01],
       [-3.90022174e-02,  9.99902308e-01,  1.39757954e-02,
         1.15776382e-01, -1.27219498e-01],
       [-4.21457551e-03,  9.99605179e-01, -2.80968845e-02,
         2.51325250e-01, -3.35989565e-01],
       [-1.48551650e-02,  9.99871790e-01, -1.60118695e-02,
        -3.63594711e-01,  4.69113737e-01],
       [-4.13998403e-02,  9.99916196e-01,  1.29483687e-02,
         3.12459841e-02, -9.52779129e-02],
       [-5.13107590e-02,  9.99780238e-01,  2.09641624e-02,
        -1.35743558e-01,  1.83526531e-01],
       [-4.69724685e-02,  9.99849677e-01,  1.73390452e-02,
         1.86850086e-01, -2.27752090e-01],
       [-2.71511711e-02,  9.99998569e-01, -1.69695332e-03,
         3.37835550e-02,  7.51863606e-03],
       [-2.64155455e-02,  9.99971986e-01,  7.48713268e-03,
        -2.58000698e-02,  9.87302810e-02],
       [-1.58967245e-02,  9.99989986e-01,  4.47869347e-03,
         1.49607792e-01, -1.35423541e-01],
       [ 9.29338299e-03,  9.99822617e-01, -1.88358203e-02,
         1.47204369e-01, -1.48966894e-01],
       [ 1.18357539e-02,  9.99873698e-01, -1.58941206e-02,
        -1.20503552e-01,  1.81355059e-01],
       [ 9.96480230e-04,  9.99999464e-01, -1.01767492e-03,
        -2.43282891e-04, -9.24438983e-03],
       [-1.02281570e-02,  9.99902666e-01,  1.39531624e-02,
        -1.24783888e-01,  1.82439774e-01],
       [-5.72298653e-03,  9.99931037e-01,  1.17443847e-02,
         1.74883276e-01, -2.07991019e-01],
       [ 1.95324272e-02,  9.99873400e-01, -1.59103349e-02,
         9.15706381e-02, -9.64755937e-02],
       [ 1.00557683e-02,  9.99999523e-01,  9.94969625e-04,
        -1.97215945e-01,  2.92067200e-01]], dtype=float32), 'action': array([-0.1989245 ,  0.5305335 ,  0.44454563,  0.49102825,  0.47504503,
        0.39017358, -0.3731205 , -0.3909755 , -0.32318538,  0.27637994,
        0.05426598, -0.08498114,  0.02736018, -0.04775226, -0.00889641,
        0.16165014,  0.08288803,  0.02069108,  0.0341111 ,  0.48261765,
       -0.37901056,  0.11265892,  0.01822678,  0.13971213, -0.07777601,
       -0.13085274,  0.2941077 ,  0.03883459, -0.09904416,  0.11500712,
       -0.08630981, -0.00492294,  0.3036903 , -0.28907406, -0.16393703,
        0.02516241,  0.355683  , -0.1917404 , -0.0011175 ,  0.12015262,
        0.07299404, -0.33482724,  0.25380957, -0.08934508,  0.1966441 ,
       -0.0870008 , -0.03387843,  0.10661554, -0.00194535, -0.14629674,
        0.06819558, -0.0707872 ,  0.17228678, -0.04529243, -0.16569081,
        0.11369537], dtype=float32), 'dt': array([14, 19, 17, 19, 19, 21, 21, 14, 15, 18, 20, 18, 19, 19, 20, 17, 18,
       19, 18, 18, 20, 18, 18, 17, 19, 18, 16, 16, 18, 16, 20, 18, 17, 20,
       19, 17, 17, 19, 18, 17, 19, 19, 16, 19, 17, 18, 18, 17, 17, 19, 18,
       18, 18, 19, 18, 17], dtype=int32), 'latent_action': array([[ 0.7751639 ,  0.76433754],
       [-0.7247361 , -0.7519068 ],
       [-0.7353264 , -0.7624266 ],
       [-0.76997995, -0.78389335],
       [-0.7875476 , -0.75696063],
       [-0.7665619 , -0.7505925 ],
       [ 0.76760674, -0.5100022 ],
       [ 0.79922736,  0.4751479 ],
       [ 0.7447556 ,  0.2961376 ],
       [-0.1107014 , -0.55503523],
       [ 0.26214364, -0.7763654 ],
       [ 0.31834638, -0.79797035],
       [ 0.0894501 , -0.765532  ],
       [ 0.3408826 , -0.76004106],
       [ 0.15105642, -0.750872  ],
       [-0.05549822, -0.78133976],
       [ 0.06456061, -0.8005839 ],
       [ 0.15112309, -0.77529454],
       [-0.09949566, -0.7898048 ],
       [-0.6310073 , -0.7963815 ],
       [ 0.73710036, -0.75616556],
       [ 0.04854343, -0.723863  ],
       [ 0.18757917, -0.7382941 ],
       [ 0.0190573 , -0.7786275 ],
       [ 0.27275148, -0.7658716 ],
       [ 0.2926462 , -0.7718315 ],
       [-0.45619467, -0.77883154],
       [ 0.10993561, -0.7676922 ],
       [ 0.2803958 , -0.7422406 ],
       [ 0.03681419, -0.72017205],
       [ 0.28202173, -0.7379252 ],
       [ 0.13361682, -0.77901787],
       [-0.21689302, -0.7860699 ],
       [ 0.7371179 , -0.7691823 ],
       [ 0.41686907, -0.7620502 ],
       [ 0.06751028, -0.7463788 ],
       [-0.37103865, -0.7499326 ],
       [ 0.45653817, -0.7434531 ],
       [ 0.12336221, -0.75147843],
       [ 0.01075867, -0.7462331 ],
       [ 0.21957316, -0.74319553],
       [ 0.62380683, -0.7310372 ],
       [-0.20227759, -0.7516021 ],
       [ 0.27782694, -0.7834692 ],
       [-0.17858267, -0.78740084],
       [ 0.2926742 , -0.77269477],
       [ 0.19515935, -0.74443746],
       [ 0.00520589, -0.77153486],
       [ 0.2096472 , -0.76095253],
       [ 0.41014603, -0.76891303],
       [ 0.05477338, -0.7419208 ],
       [ 0.2351455 , -0.75383997],
       [-0.08805187, -0.7314675 ],
       [ 0.31010452, -0.81700444],
       [ 0.44041786, -0.7667669 ],
       [-0.1494629 , -0.76348877]], dtype=float32), 'hybrid_action': array([[-0.1989245 , -0.07742537],
       [ 0.5305335 ,  0.22816966],
       [ 0.44454563,  0.12938175],
       [ 0.49102825,  0.20920014],
       [ 0.47504503,  0.21307252],
       [ 0.39017358,  0.36207917],
       [-0.3731205 ,  0.38313177],
       [-0.3909755 , -0.13080834],
       [-0.32318538, -0.01142608],
       [ 0.27637994,  0.1936653 ],
       [ 0.05426598,  0.3106982 ],
       [-0.08498114,  0.19962107],
       [ 0.02736018,  0.21494167],
       [-0.04775226,  0.26453337],
       [-0.00889641,  0.28086323],
       [ 0.16165014,  0.13366142],
       [ 0.08288803,  0.14984278],
       [ 0.02069108,  0.25232655],
       [ 0.0341111 ,  0.1707713 ],
       [ 0.48261765,  0.15369645],
       [-0.37901056,  0.2925995 ],
       [ 0.11265892,  0.1432011 ],
       [ 0.01822678,  0.2060202 ],
       [ 0.13971213,  0.1041231 ],
       [-0.07777601,  0.21100594],
       [-0.13085274,  0.18890013],
       [ 0.2941077 ,  0.03669199],
       [ 0.03883459,  0.05605033],
       [-0.09904416,  0.1959686 ],
       [ 0.11500712,  0.04289209],
       [-0.08630981,  0.29110348],
       [-0.00492294,  0.15475444],
       [ 0.3036903 ,  0.10458048],
       [-0.28907406,  0.30367947],
       [-0.16393703,  0.2337871 ],
       [ 0.02516241,  0.11523284],
       [ 0.355683  ,  0.11962634],
       [-0.1917404 ,  0.23516804],
       [-0.0011175 ,  0.17920657],
       [ 0.12015262,  0.10754545],
       [ 0.07299404,  0.22879942],
       [-0.33482724,  0.21595867],
       [ 0.25380957,  0.00655518],
       [-0.08934508,  0.24756046],
       [ 0.1966441 ,  0.09208636],
       [-0.0870008 ,  0.1958405 ],
       [-0.03387843,  0.20420802],
       [ 0.10661554,  0.13124569],
       [-0.00194535,  0.09617602],
       [-0.14629674,  0.22334936],
       [ 0.06819558,  0.19833358],
       [-0.0707872 ,  0.13794921],
       [ 0.17228678,  0.14384949],
       [-0.04529243,  0.23295955],
       [-0.16569081,  0.16994348],
       [ 0.11369537,  0.13005586]], dtype=float32)}",7.067289129722844,56.00000000000001
5000,803.9438283433437,"{0: [0, 0, 0, 0, 0, 0, 0, 0, 0, 0, 1, 4, 4, 13, 8, 18, 130, 195, 125, 46, 10, 4, 3, 0, 0, 0, 0, 0, 0, 0]}",[803.9438283433437],"{'state': array([[ 0.00000000e+00,  0.00000000e+00,  0.00000000e+00,
         0.00000000e+00,  0.00000000e+00],
       [-1.03833331e-02, -9.98931229e-01,  4.62217703e-02,
        -3.34705085e-01, -4.23122019e-01],
       [ 1.72198191e-02, -9.99813795e-01, -1.92976668e-02,
         6.23827934e-01,  1.08124769e+00],
       [ 2.19679490e-01, -9.49403644e-01, -3.14058423e-01,
         1.49824095e+00,  1.91919982e+00],
       [ 5.63684106e-01, -7.86821365e-01, -6.17180765e-01,
         2.31622910e+00,  1.74690890e+00],
       [ 1.04733276e+00, -6.28567815e-01, -7.77754784e-01,
         3.05802894e+00,  6.65515363e-01],
       [ 1.73150897e+00, -6.50185645e-01, -7.59775400e-01,
         3.78328609e+00, -9.34691250e-01],
       [ 1.84794903e+00, -9.34009314e-01,  3.57248604e-01,
        -6.68570280e-01, -6.96980333e+00],
       [ 1.73066354e+00, -2.85501271e-01,  9.58378315e-01,
        -9.88274872e-01, -5.83957958e+00],
       [ 1.52830994e+00,  4.77397680e-01,  8.78687322e-01,
        -1.43763471e+00, -3.36921716e+00],
       [ 1.33015716e+00,  8.29942703e-01,  5.57848632e-01,
        -7.71208763e-01, -2.16811466e+00],
       [ 1.18820214e+00,  9.57636714e-01,  2.87979037e-01,
        -7.21992075e-01, -1.11181951e+00],
       [ 1.06793523e+00,  9.89014328e-01,  1.47819817e-01,
        -6.90722406e-01, -6.39448702e-01],
       [ 9.54369903e-01,  9.98319089e-01,  5.79572767e-02,
        -6.43654943e-01, -4.62642103e-01],
       [ 8.06466341e-01,  9.99524117e-01,  3.08479797e-02,
        -9.99172330e-01,  1.48824260e-01],
       [ 6.63157821e-01,  9.99999404e-01, -1.10374845e-03,
        -5.08634806e-01, -5.00714779e-01],
       [ 5.12902915e-01,  9.99734521e-01, -2.30410434e-02,
        -1.07249892e+00,  2.59103209e-01],
       [ 2.75027454e-01,  9.98794198e-01,  4.90929857e-02,
        -1.19470394e+00,  4.66454655e-01],
       [ 1.08604938e-01,  9.96976852e-01,  7.76988864e-02,
        -6.55074775e-01, -1.34549007e-01],
       [-1.71747766e-02,  9.96609807e-01,  8.22733417e-02,
        -7.42568016e-01,  1.87618926e-01],
       [-1.19442053e-01,  9.95851159e-01,  9.09970701e-02,
        -3.93929094e-01, -8.62464681e-02],
       [-1.79392785e-01,  9.96820211e-01,  7.96834528e-02,
        -2.71957099e-01, -4.51248325e-02],
       [-2.06759259e-01,  9.98190522e-01,  6.01309724e-02,
        -4.96127568e-02, -1.94012061e-01],
       [-2.18618348e-01,  9.99198914e-01,  4.00189869e-02,
        -7.47832805e-02, -2.76598241e-02],
       [-2.12754115e-01,  9.99895155e-01,  1.44802909e-02,
         1.37073845e-01, -2.53644526e-01],
       [-2.17901930e-01,  9.99900818e-01,  1.40822725e-02,
        -1.94258735e-01,  2.49031901e-01],
       [-2.25980386e-01,  9.99688387e-01,  2.49618907e-02,
         1.04264669e-01, -1.23114489e-01],
       [-2.16216192e-01,  9.99800384e-01,  1.99801791e-02,
         1.07068224e-02,  6.23364113e-02],
       [-2.06539497e-01,  9.99718785e-01,  2.37134360e-02,
         1.03061743e-01, -1.67854931e-02],
       [-1.93850443e-01,  9.99453127e-01,  3.30676921e-02,
         4.60392088e-02,  1.30921841e-01],
       [-1.54281542e-01,  9.99873102e-01,  1.59302205e-02,
         4.19815868e-01, -3.40062767e-01],
       [-9.59909260e-02,  9.99800146e-01, -1.99925620e-02,
         2.28606537e-01, -7.55572766e-02],
       [-6.60228580e-02,  9.99790788e-01, -2.04529352e-02,
         8.68591517e-02,  7.04841539e-02],
       [-4.05335315e-02,  9.99683917e-01, -2.51399782e-02,
         1.81550249e-01, -1.22091591e-01],
       [-3.15224640e-02,  9.99833167e-01, -1.82646289e-02,
        -8.68452266e-02,  1.97806656e-01],
       [-3.13813277e-02,  9.99961495e-01, -8.77405610e-03,
         8.83176550e-02, -8.20371360e-02],
       [-2.77373251e-02,  9.99966443e-01, -8.18936713e-03,
        -4.78389189e-02,  8.87986198e-02],
       [-4.30686139e-02,  9.99850214e-01,  1.73061043e-02,
        -1.23036951e-01,  2.06162080e-01],
       [-1.93374939e-02,  9.99965966e-01, -8.25293548e-03,
         3.87243211e-01, -5.01888514e-01],
       [ 1.02022872e-03,  9.99443114e-01, -3.33690755e-02,
        -1.83063924e-01,  2.37786621e-01],
       [-2.91710813e-02,  9.99999106e-01,  1.32344232e-03,
        -1.72807574e-01,  1.85441911e-01],
       [-4.01980616e-02,  9.99971509e-01,  7.55053340e-03,
         4.29526269e-02, -1.09478876e-01],
       [-6.09283298e-02,  9.99506593e-01,  3.14098261e-02,
        -2.73773134e-01,  3.85516346e-01],
       [-6.08771592e-02,  9.99286294e-01,  3.77751365e-02,
         2.74237067e-01, -3.07777673e-01],
       [-1.37931285e-02,  9.99968171e-01, -7.97658321e-03,
         2.22382426e-01, -1.95988044e-01],
       [ 1.31220615e-04,  9.99965847e-01, -8.26220773e-03,
        -6.76571876e-02,  1.92676425e-01],
       [-4.69649350e-03,  9.99872208e-01,  1.59857105e-02,
         1.35104777e-02,  8.78582001e-02],
       [ 1.44178830e-02,  9.99950707e-01,  9.92891844e-03,
         2.11481586e-01, -1.61742613e-01],
       [ 2.76359767e-02,  9.99854207e-01,  1.70739591e-02,
        -5.61102070e-02,  2.48889461e-01],
       [ 5.51195070e-02,  9.99971151e-01,  7.59380450e-03,
         3.99826586e-01, -3.71277124e-01],
       [ 1.01392865e-01,  9.99721467e-01, -2.35994253e-02,
         1.14977136e-01,  1.03462925e-02],
       [ 9.72281992e-02,  9.99944627e-01,  1.05233500e-02,
        -1.61958382e-01,  3.84461254e-01],
       [ 1.12867758e-01,  9.99885082e-01,  1.51601881e-02,
         3.57358605e-01, -3.24582040e-01],
       [ 1.71561077e-01,  9.99428749e-01, -3.37952971e-02,
         2.61537969e-01, -2.14457318e-01],
       [ 2.01682314e-01,  9.98351932e-01, -5.73879853e-02,
         5.60544655e-02, -4.56083566e-02],
       [ 1.72702044e-01,  9.99783814e-01, -2.07912009e-02,
        -3.78835440e-01,  4.69514132e-01]], dtype=float32), 'action': array([-0.24403293,  0.515376  ,  0.48679107,  0.51241034,  0.48001707,
        0.42471355, -0.28103793, -0.42419028, -0.3871648 ,  0.40190095,
        0.04779049,  0.0329125 ,  0.0354385 , -0.2003401 ,  0.26686645,
       -0.30649382, -0.05914357,  0.3130595 , -0.04458289,  0.20544893,
        0.07565811,  0.13948889, -0.01020649,  0.11670882, -0.18852064,
        0.17209308, -0.05508161,  0.0574353 , -0.03255111,  0.22801802,
       -0.10948736, -0.07821398,  0.04976149, -0.14696799,  0.10511109,
       -0.07846051, -0.04269929,  0.29217774, -0.2951757 ,  0.00509192,
        0.13093226, -0.17981589,  0.3342159 , -0.02707251, -0.16644669,
        0.04668938,  0.12076394, -0.16106763,  0.2940864 , -0.16346154,
       -0.15884796,  0.33487955, -0.0525594 , -0.11451406, -0.25147006,
        0.27569613], dtype=float32), 'dt': array([14, 19, 19, 18, 18, 20, 23, 14, 17, 18, 19, 17, 17, 18, 19, 19, 21,
       18, 18, 18, 18, 17, 19, 19, 18, 18, 17, 17, 17, 17, 18, 19, 19, 19,
       17, 18, 18, 18, 20, 17, 17, 18, 17, 19, 18, 18, 17, 17, 16, 18, 18,
       16, 19, 19, 18, 17], dtype=int32), 'latent_action': array([[ 0.7603067 ,  0.7608028 ],
       [-0.76977736, -0.75386846],
       [-0.78566265, -0.7957293 ],
       [-0.7537366 , -0.7771147 ],
       [-0.7791544 , -0.76333576],
       [-0.7822666 , -0.77394193],
       [ 0.760669  , -0.569976  ],
       [ 0.7419145 ,  0.6295099 ],
       [ 0.7499552 ,  0.23222183],
       [-0.4868437 , -0.75902444],
       [ 0.22617994, -0.7836655 ],
       [ 0.13781841, -0.7521028 ],
       [ 0.12103283, -0.745687  ],
       [ 0.46762758, -0.7660822 ],
       [-0.06173895, -0.78577316],
       [ 0.7349309 , -0.712261  ],
       [ 0.2602556 , -0.71694964],
       [-0.27238405, -0.7067147 ],
       [ 0.22372726, -0.7343079 ],
       [-0.18935402, -0.7873465 ],
       [ 0.02222242, -0.75535905],
       [ 0.01998506, -0.77509665],
       [ 0.2434253 , -0.7332195 ],
       [ 0.10044391, -0.76924545],
       [ 0.48858672, -0.7421557 ],
       [-0.11582929, -0.75734246],
       [ 0.246901  , -0.7555051 ],
       [ 0.13204308, -0.75739586],
       [ 0.1151574 , -0.7743487 ],
       [-0.19898075, -0.7828002 ],
       [ 0.39958268, -0.76781464],
       [ 0.3024446 , -0.7765186 ],
       [ 0.14247039, -0.77886677],
       [ 0.4219079 , -0.7168282 ],
       [ 0.05401948, -0.76119983],
       [ 0.29244557, -0.7336423 ],
       [ 0.14156906, -0.77983904],
       [-0.1478201 , -0.7478558 ],
       [ 0.74739546, -0.75181377],
       [ 0.1544811 , -0.7635936 ],
       [ 0.11846694, -0.7600231 ],
       [ 0.35156807, -0.73280215],
       [-0.5445955 , -0.7455118 ],
       [ 0.1818385 , -0.7640616 ],
       [ 0.38389215, -0.76214844],
       [ 0.12039535, -0.76214945],
       [-0.01308901, -0.759562  ],
       [ 0.2486647 , -0.7540905 ],
       [-0.29672167, -0.7700504 ],
       [ 0.44611335, -0.7590338 ],
       [ 0.24741836, -0.75603795],
       [-0.52342343, -0.72875506],
       [ 0.29383057, -0.7780278 ],
       [ 0.49920008, -0.7682934 ],
       [ 0.5578251 , -0.79266316],
       [-0.27055883, -0.74990886]], dtype=float32), 'hybrid_action': array([[-0.24403293, -0.07649278],
       [ 0.515376  ,  0.23077773],
       [ 0.48679107,  0.23347074],
       [ 0.51241034,  0.13833687],
       [ 0.48001707,  0.16062886],
       [ 0.42471355,  0.33911875],
       [-0.28103793,  0.49063253],
       [-0.42419028, -0.11695537],
       [-0.3871648 ,  0.10370772],
       [ 0.40190095,  0.15521772],
       [ 0.04779049,  0.27393875],
       [ 0.0329125 ,  0.13622843],
       [ 0.0354385 ,  0.11682433],
       [-0.2003401 ,  0.19608612],
       [ 0.26686645,  0.26757538],
       [-0.30649382,  0.24467525],
       [-0.05914357,  0.362822  ],
       [ 0.3130595 ,  0.158875  ],
       [-0.04458289,  0.1585779 ],
       [ 0.20544893,  0.19421872],
       [ 0.07565811,  0.15017253],
       [ 0.13948889,  0.13717738],
       [-0.01020649,  0.27087608],
       [ 0.11670882,  0.21843317],
       [-0.18852064,  0.19438048],
       [ 0.17209308,  0.16205348],
       [-0.05508161,  0.10636245],
       [ 0.0574353 ,  0.08799039],
       [-0.03255111,  0.11334593],
       [ 0.22801802,  0.07815002],
       [-0.10948736,  0.16397324],
       [-0.07821398,  0.21599002],
       [ 0.04976149,  0.23239657],
       [-0.14696799,  0.24208309],
       [ 0.10511109,  0.1330557 ],
       [-0.07846051,  0.16986015],
       [-0.04269929,  0.18246624],
       [ 0.29217774,  0.14753297],
       [-0.2951757 ,  0.30908573],
       [ 0.00509192,  0.08969504],
       [ 0.13093226,  0.12761572],
       [-0.17981589,  0.15815501],
       [ 0.3342159 ,  0.09808154],
       [-0.02707251,  0.26419264],
       [-0.16644669,  0.20419341],
       [ 0.04668938,  0.15246086],
       [ 0.12076394,  0.07640748],
       [-0.16106763,  0.07828616],
       [ 0.2940864 ,  0.06711487],
       [-0.16346154,  0.1683526 ],
       [-0.15884796,  0.17133977],
       [ 0.33487955,  0.00160427],
       [-0.0525594 ,  0.22641858],
       [-0.11451406,  0.22460812],
       [-0.25147006,  0.16961068],
       [ 0.27569613,  0.12819178]], dtype=float32)}",10.428420707858066,56.10000000000001
5050,801.8711991114702,"{0: [0, 0, 0, 0, 0, 0, 0, 0, 0, 0, 1, 0, 9, 6, 13, 30, 133, 188, 115, 45, 13, 7, 2, 0, 0, 0, 0, 0, 0, 0]}",[801.8711991114702],"{'state': array([[ 0.00000000e+00,  0.00000000e+00,  0.00000000e+00,
         0.00000000e+00,  0.00000000e+00],
       [-3.32424454e-02, -9.99019980e-01,  4.42614667e-02,
        -3.56470019e-01, -4.80266362e-01],
       [-1.18788434e-02, -9.99969006e-01, -7.87461828e-03,
         5.80218494e-01,  1.00403059e+00],
       [ 1.51206464e-01, -9.67371941e-01, -2.53360569e-01,
         1.33197320e+00,  1.80094635e+00],
       [ 4.78562951e-01, -8.16706181e-01, -5.77053726e-01,
         2.29515982e+00,  1.99722826e+00],
       [ 1.00188339e+00, -6.08252764e-01, -7.93743432e-01,
         3.21246934e+00,  1.03236580e+00],
       [ 1.66958249e+00, -5.81793725e-01, -8.13336372e-01,
         3.81664443e+00, -6.97921515e-01],
       [ 1.85828173e+00, -9.97129023e-01,  7.57210106e-02,
        -6.17409348e-01, -6.85913610e+00],
       [ 1.74653494e+00, -5.25696576e-01,  8.50672185e-01,
        -9.35652733e-01, -6.23610497e+00],
       [ 1.58667839e+00,  2.33246624e-01,  9.72417593e-01,
        -1.22653103e+00, -4.19369602e+00],
       [ 1.44229162e+00,  6.51849389e-01,  7.58348405e-01,
        -8.51032317e-01, -2.68824959e+00],
       [ 1.33782256e+00,  8.88909459e-01,  4.58082974e-01,
        -3.11123431e-01, -1.74773479e+00],
       [ 1.30449963e+00,  9.76552308e-01,  2.15280369e-01,
        -5.60048968e-02, -1.24220240e+00],
       [ 1.26768708e+00,  9.98314321e-01,  5.80392480e-02,
        -3.28709573e-01, -5.04160881e-01],
       [ 1.18791389e+00,  9.99888003e-01,  1.49669060e-02,
        -6.08974397e-01, -2.14639753e-02],
       [ 1.09246707e+00,  9.99865830e-01, -1.63801629e-02,
        -3.95045608e-01, -3.23649079e-01],
       [ 9.66531396e-01,  9.99949813e-01, -1.00212507e-02,
        -9.30727184e-01,  3.93666744e-01],
       [ 8.32849026e-01,  9.99996245e-01,  2.73330300e-03,
        -4.76741612e-01, -2.53234893e-01],
       [ 7.21761465e-01,  9.99996185e-01,  2.75627477e-03,
        -8.30166757e-01,  2.53507107e-01],
       [ 5.83694696e-01,  9.99374092e-01,  3.53760272e-02,
        -7.04590023e-01,  1.23974405e-01],
       [ 4.47456270e-01,  9.97247815e-01,  7.41400942e-02,
        -7.30334759e-01,  3.03388983e-01],
       [ 3.73079419e-01,  9.97920632e-01,  6.44551143e-02,
        -9.58660766e-02, -4.15811986e-01],
       [ 3.41400295e-01,  9.99774516e-01,  2.12338213e-02,
        -2.55245298e-01, -8.45972449e-02],
       [ 2.74729401e-01,  9.99306142e-01,  3.72461192e-02,
        -4.46896851e-01,  2.60921150e-01],
       [ 2.44500607e-01,  9.99724209e-01,  2.34829132e-02,
         9.15371776e-02, -4.28938836e-01],
       [ 2.15923116e-01,  9.99935269e-01,  1.13764927e-02,
        -3.92084301e-01,  2.95646697e-01],
       [ 1.87723532e-01,  9.99974847e-01,  7.09482376e-03,
         7.88388029e-02, -3.45180362e-01],
       [ 1.52433470e-01,  9.99930441e-01,  1.17954053e-02,
        -4.31838781e-01,  3.94558847e-01],
       [ 1.11341015e-01,  9.99308944e-01,  3.71700041e-02,
        -5.21156639e-02, -8.48685130e-02],
       [ 1.11185834e-01,  9.99877572e-01,  1.56485140e-02,
         5.08389845e-02, -1.64213434e-01],
       [ 1.00008965e-01,  9.99816537e-01,  1.91552304e-02,
        -1.82396650e-01,  2.06983656e-01],
       [ 9.77690294e-02,  9.99844670e-01,  1.76233388e-02,
         1.58847138e-01, -2.23846033e-01],
       [ 1.03336155e-01,  9.99909759e-01,  1.34334080e-02,
        -9.69000384e-02,  1.75365388e-01],
       [ 1.07657403e-01,  9.99860048e-01,  1.67288482e-02,
         1.47669509e-01, -1.35155380e-01],
       [ 1.31689504e-01,  9.99998689e-01, -1.60408323e-03,
         1.19735196e-01, -7.69446492e-02],
       [ 1.50823489e-01,  9.99912083e-01, -1.32599222e-02,
         9.31075364e-02, -5.79063073e-02],
       [ 1.69872701e-01,  9.99513328e-01, -3.11950017e-02,
         1.18921876e-01, -1.49630114e-01],
       [ 1.57578900e-01,  9.99850392e-01, -1.72970053e-02,
        -2.48634711e-01,  3.02711338e-01],
       [ 1.41566873e-01,  9.99987483e-01, -4.99973819e-03,
         4.82545495e-02, -1.43975064e-01],
       [ 1.18995875e-01,  9.99910474e-01,  1.33814039e-02,
        -2.99419552e-01,  3.56620133e-01],
       [ 1.05812989e-01,  9.99711514e-01,  2.40178853e-02,
         1.44107297e-01, -2.26817548e-01],
       [ 1.24874935e-01,  9.99993205e-01, -3.67964036e-03,
         5.71516789e-02, -7.81260952e-02],
       [ 1.27245307e-01,  9.99970376e-01, -7.70050194e-03,
        -3.07292063e-02,  3.16055566e-02],
       [ 1.16168313e-01,  9.99987423e-01,  5.01584448e-03,
        -9.26120728e-02,  1.15508817e-01],
       [ 1.29312366e-01,  9.99861240e-01, -1.66590530e-02,
         2.47667372e-01, -3.79883289e-01],
       [ 1.17555849e-01,  9.99938786e-01, -1.10639511e-02,
        -3.65353972e-01,  4.38685328e-01],
       [ 9.84489992e-02,  9.99999225e-01,  1.23353966e-03,
         1.40319660e-01, -2.88672805e-01],
       [ 8.78540650e-02,  1.00000000e+00,  4.10749590e-06,
        -2.58009762e-01,  2.74439573e-01],
       [ 6.05495609e-02,  9.99690890e-01,  2.48609055e-02,
        -6.37131855e-02,  2.88040955e-02],
       [ 6.29039630e-02,  9.99880731e-01,  1.54433809e-02,
         9.00679901e-02, -1.37781650e-01],
       [ 6.84698522e-02,  9.99964297e-01,  8.45325738e-03,
        -2.44483892e-02,  5.25138825e-02],
       [ 8.20216313e-02,  9.99978125e-01, -6.61704363e-03,
         1.75334468e-01, -2.26860434e-01],
       [ 9.03088227e-02,  9.99854028e-01, -1.70839950e-02,
        -8.78656730e-02,  1.11602068e-01],
       [ 6.56841993e-02,  9.99908984e-01,  1.34928012e-02,
        -1.72009557e-01,  2.25032538e-01],
       [ 5.32260090e-02,  9.99477565e-01,  3.23193483e-02,
         3.31873670e-02, -7.13969674e-03],
       [ 6.08866028e-02,  9.99345303e-01,  3.61801423e-02,
         5.18499240e-02,  5.18306382e-02]], dtype=float32), 'action': array([-0.2507555 ,  0.50325173,  0.46476617,  0.59178936,  0.5576119 ,
        0.3771714 , -0.31713864, -0.37727204, -0.35524622,  0.26733425,
        0.3354363 ,  0.16535491, -0.13921332, -0.16719927,  0.11587724,
       -0.2912895 ,  0.2457754 , -0.21381542,  0.07310271, -0.01023919,
        0.3677796 , -0.0882303 , -0.10188638,  0.3281084 , -0.26093447,
        0.26997852, -0.2623889 ,  0.23159283,  0.06071159, -0.1400046 ,
        0.18622589, -0.1452006 ,  0.14912021, -0.01544785, -0.01573816,
        0.01323472, -0.20089854,  0.19014889, -0.19856928,  0.269827  ,
       -0.04642649, -0.05065627, -0.03548975,  0.20561592, -0.31670246,
        0.30580288, -0.22778447,  0.11848844,  0.08935136, -0.06850081,
        0.11433308, -0.1434705 , -0.04573646,  0.11894611,  0.01304404,
        0.22406092], dtype=float32), 'dt': array([15, 19, 17, 18, 19, 19, 22, 14, 15, 14, 18, 18, 19, 17, 19, 19, 19,
       17, 18, 19, 18, 18, 19, 17, 19, 18, 20, 17, 18, 17, 19, 18, 17, 18,
       18, 18, 19, 16, 18, 17, 19, 18, 18, 17, 20, 17, 18, 17, 18, 17, 18,
       19, 19, 18, 18, 16], dtype=int32), 'latent_action': array([[ 0.7856383 ,  0.7796707 ],
       [-0.75259525, -0.74124014],
       [-0.7797272 , -0.75425553],
       [-0.7971622 , -0.7420071 ],
       [-0.7843797 , -0.76748717],
       [-0.75963044, -0.77443796],
       [ 0.7285542 , -0.6094004 ],
       [ 0.79530925,  0.62166286],
       [ 0.7669371 ,  0.23365965],
       [-0.24649137, -0.05520685],
       [-0.37507117, -0.7548926 ],
       [ 0.00224179, -0.7201547 ],
       [ 0.3906867 , -0.7814609 ],
       [ 0.36952776, -0.7594837 ],
       [ 0.07445095, -0.7748637 ],
       [ 0.6014367 , -0.75359213],
       [-0.19383842, -0.77769077],
       [ 0.52532524, -0.7182057 ],
       [ 0.04468163, -0.7460098 ],
       [ 0.12639077, -0.76835823],
       [-0.46558452, -0.76791716],
       [ 0.31734413, -0.7276014 ],
       [ 0.26499653, -0.7555703 ],
       [-0.36527845, -0.75529027],
       [ 0.5763913 , -0.7214732 ],
       [-0.2333793 , -0.75286907],
       [ 0.59487224, -0.8113684 ],
       [-0.19704437, -0.7468298 ],
       [ 0.03634737, -0.76305443],
       [ 0.4279645 , -0.7554348 ],
       [-0.20801005, -0.76810133],
       [ 0.31115824, -0.7898578 ],
       [-0.18860297, -0.7617099 ],
       [ 0.16306858, -0.7405349 ],
       [ 0.20158972, -0.7906725 ],
       [ 0.19805428, -0.76997685],
       [ 0.38927597, -0.7625784 ],
       [-0.16331108, -0.75275177],
       [ 0.37793106, -0.77256346],
       [-0.32517767, -0.76735944],
       [ 0.3033838 , -0.75181854],
       [ 0.25355205, -0.76241183],
       [ 0.1899007 , -0.77721834],
       [-0.08996627, -0.7792568 ],
       [ 0.6631019 , -0.7305014 ],
       [-0.23135102, -0.74117243],
       [ 0.4583072 , -0.7800428 ],
       [-0.10791539, -0.77460355],
       [ 0.01371574, -0.7699458 ],
       [ 0.23934351, -0.7510924 ],
       [ 0.00616488, -0.75550467],
       [ 0.45688182, -0.7868339 ],
       [ 0.159458  , -0.7632639 ],
       [-0.15753879, -0.7441713 ],
       [-0.01693435, -0.7520492 ],
       [-0.28252774, -0.7544154 ]], dtype=float32), 'hybrid_action': array([[-0.2507555 , -0.0329169 ],
       [ 0.50325173,  0.21187967],
       [ 0.46476617,  0.11327601],
       [ 0.59178936,  0.1461589 ],
       [ 0.5576119 ,  0.20996462],
       [ 0.3771714 ,  0.26809242],
       [-0.31713864,  0.42329806],
       [-0.37727204, -0.1321503 ],
       [-0.35524622, -0.00789197],
       [ 0.26733425, -0.07769268],
       [ 0.3354363 ,  0.19986703],
       [ 0.16535491,  0.16875473],
       [-0.13921332,  0.26584718],
       [-0.16719927,  0.106135  ],
       [ 0.11587724,  0.21439451],
       [-0.2912895 ,  0.22139797],
       [ 0.2457754 ,  0.24011953],
       [-0.21381542,  0.11194506],
       [ 0.07310271,  0.19793649],
       [-0.01023919,  0.23884119],
       [ 0.3677796 ,  0.16687734],
       [-0.0882303 ,  0.16642176],
       [-0.10188638,  0.22251658],
       [ 0.3281084 ,  0.1347656 ],
       [-0.26093447,  0.27166268],
       [ 0.26997852,  0.15626785],
       [-0.2623889 ,  0.29182723],
       [ 0.23159283,  0.13058487],
       [ 0.06071159,  0.1784142 ],
       [-0.1400046 ,  0.10254042],
       [ 0.18622589,  0.21227984],
       [-0.1452006 ,  0.18480429],
       [ 0.14912021,  0.09564307],
       [-0.01544785,  0.18377915],
       [-0.01573816,  0.1926073 ],
       [ 0.01323472,  0.18305272],
       [-0.20089854,  0.21812741],
       [ 0.19014889,  0.0297462 ],
       [-0.19856928,  0.18488374],
       [ 0.269827  ,  0.09523698],
       [-0.04642649,  0.2241578 ],
       [-0.05065627,  0.1429619 ],
       [-0.03548975,  0.17039976],
       [ 0.20561592,  0.07362829],
       [-0.31670246,  0.29147926],
       [ 0.30580288,  0.10444424],
       [-0.22778447,  0.20501995],
       [ 0.11848844,  0.11596274],
       [ 0.08935136,  0.14435205],
       [-0.06850081,  0.08895295],
       [ 0.11433308,  0.1635254 ],
       [-0.1434705 ,  0.23275737],
       [-0.04573646,  0.22183341],
       [ 0.11894611,  0.14939904],
       [ 0.01304404,  0.15318687],
       [ 0.22406092,  0.04041651]], dtype=float32)}",9.258722432286177,56.20000000000001
5100,803.5212247051802,"{0: [0, 0, 0, 0, 0, 0, 0, 0, 0, 0, 1, 3, 7, 7, 8, 48, 120, 192, 114, 44, 12, 6, 0, 1, 0, 0, 0, 0, 0, 0]}",[803.5212247051802],"{'state': array([[ 0.00000000e+00,  0.00000000e+00,  0.00000000e+00,
         0.00000000e+00,  0.00000000e+00],
       [-2.31899805e-02, -9.99515474e-01,  3.11263762e-02,
        -2.43653864e-01, -3.31405699e-01],
       [ 1.18369246e-02, -9.99459803e-01, -3.28643396e-02,
         6.10909939e-01,  9.73768353e-01],
       [ 1.75110772e-01, -9.65317369e-01, -2.61079341e-01,
         1.30407262e+00,  1.63918984e+00],
       [ 4.93087292e-01, -8.37775111e-01, -5.46015441e-01,
         2.03561282e+00,  1.49638069e+00],
       [ 9.27270591e-01, -7.08614945e-01, -7.05595374e-01,
         2.78738356e+00,  6.94218278e-01],
       [ 1.57097232e+00, -6.95853293e-01, -7.18183935e-01,
         3.64969707e+00, -5.23644507e-01],
       [ 1.86168027e+00, -9.71666873e-01,  2.36354634e-01,
        -5.08319259e-01, -6.86443377e+00],
       [ 1.78595901e+00, -5.57850480e-01,  8.29941452e-01,
        -8.42675328e-01, -6.37443590e+00],
       [ 1.64374161e+00,  2.16990218e-01,  9.76173759e-01,
        -1.08372581e+00, -4.34334517e+00],
       [ 1.50293684e+00,  6.47240758e-01,  7.62285650e-01,
        -9.45406675e-01, -2.66530609e+00],
       [ 1.39696169e+00,  8.91486287e-01,  4.53047633e-01,
        -2.32184723e-01, -1.91718698e+00],
       [ 1.35033846e+00,  9.82335150e-01,  1.87130153e-01,
        -2.31104925e-01, -1.03300166e+00],
       [ 1.29680014e+00,  9.99201238e-01,  3.99610363e-02,
        -3.29591095e-01, -5.97882688e-01],
       [ 1.18717277e+00,  9.99925196e-01, -1.22323576e-02,
        -7.65490711e-01,  4.93959896e-02],
       [ 1.04858768e+00,  9.99626100e-01, -2.73440778e-02,
        -6.20016515e-01, -2.08200127e-01],
       [ 9.10068810e-01,  9.99439776e-01, -3.34680378e-02,
        -9.18947875e-01,  1.37296408e-01],
       [ 7.32637703e-01,  9.99994278e-01,  3.38965072e-03,
        -1.05327415e+00,  2.89193749e-01],
       [ 5.23226619e-01,  9.96935427e-01,  7.82290027e-02,
        -1.15265191e+00,  5.35434127e-01],
       [ 3.90848398e-01,  9.96176124e-01,  8.73679370e-02,
        -3.18444878e-01, -4.29136753e-01],
       [ 3.17476571e-01,  9.98362660e-01,  5.72014600e-02,
        -5.44190884e-01,  6.03925064e-02],
       [ 2.42210284e-01,  9.98832226e-01,  4.83128503e-02,
        -2.91916192e-01, -1.63390517e-01],
       [ 1.81885168e-01,  9.99195993e-01,  4.00916450e-02,
        -3.78193200e-01,  6.81989864e-02],
       [ 1.26887664e-01,  9.99068558e-01,  4.31517027e-02,
        -2.32956484e-01, -3.27595510e-02],
       [ 9.82265472e-02,  9.99552846e-01,  2.99016275e-02,
        -1.03972659e-01, -1.28977522e-01],
       [ 8.06186572e-02,  9.99945939e-01,  1.03963939e-02,
        -9.12655517e-02, -9.67244208e-02],
       [ 3.72757800e-02,  9.99457419e-01,  3.29364352e-02,
        -3.65458548e-01,  3.44888359e-01],
       [ 3.01441830e-02,  9.99824464e-01,  1.87355652e-02,
         2.86515415e-01, -5.09304345e-01],
       [ 4.12556119e-02,  9.99882698e-01, -1.53174531e-02,
        -1.68800563e-01,  1.34368449e-01],
       [ 1.92892514e-02,  9.99983609e-01, -5.72649390e-03,
        -7.54705444e-02, -2.34054830e-02],
       [-1.28331361e-02,  9.99863088e-01,  1.65484957e-02,
        -2.81903803e-01,  2.81101793e-01],
       [-4.77806628e-02,  9.98640954e-01,  5.21178991e-02,
        -1.55603081e-01,  1.78344160e-01],
       [-3.05685457e-02,  9.99558330e-01,  2.97173243e-02,
         3.58551294e-01, -4.51942861e-01],
       [ 1.48332841e-03,  9.99999821e-01, -5.84145193e-04,
        -2.05009617e-02,  1.18332140e-01],
       [ 4.47664596e-03,  9.99926865e-01,  1.20930728e-02,
         5.34950197e-02,  2.83362679e-02],
       [ 3.20040733e-02,  9.99955535e-01, -9.42781009e-03,
         2.90993422e-01, -3.06125343e-01],
       [ 4.88698669e-02,  9.99852896e-01, -1.71506219e-02,
        -1.03427343e-01,  2.16748029e-01],
       [ 4.66452241e-02,  9.99991477e-01, -4.13325289e-03,
         7.84368366e-02, -6.61438853e-02],
       [ 5.03421836e-02,  9.99998391e-01, -1.80592597e-03,
        -3.95707674e-02,  9.17631984e-02],
       [ 3.82433198e-02,  9.99743581e-01,  2.26446018e-02,
        -1.03247233e-01,  2.06486791e-01],
       [ 5.49705103e-02,  9.99913335e-01,  1.31630739e-02,
         3.00221711e-01, -3.22171330e-01],
       [ 8.62100199e-02,  9.99945164e-01, -1.04740327e-02,
         2.91374214e-02,  6.19325750e-02],
       [ 1.00845419e-01,  9.99870002e-01, -1.61231700e-02,
         1.43152788e-01, -1.30838647e-01],
       [ 9.83926430e-02,  9.99997497e-01, -2.23780167e-03,
        -1.69273123e-01,  2.83719629e-01],
       [ 1.04249559e-01,  9.99991357e-01, -4.15722281e-03,
         2.42514700e-01, -3.08486402e-01],
       [ 1.17558382e-01,  9.99820888e-01, -1.89249050e-02,
        -9.43240598e-02,  1.37597963e-01],
       [ 1.09408431e-01,  9.99951005e-01, -9.89689864e-03,
        -1.73593941e-03, -2.74692103e-02],
       [ 1.03352062e-01,  9.99970198e-01, -7.71992188e-03,
        -7.40080923e-02,  5.55688404e-02],
       [ 8.68793875e-02,  9.99978006e-01,  6.63147774e-03,
        -1.20069616e-01,  1.19482309e-01],
       [ 8.42395797e-02,  9.99995887e-01,  2.87125376e-03,
         8.90843123e-02, -1.65344954e-01],
       [ 8.05081204e-02,  9.99999464e-01,  1.02170557e-03,
        -1.28318891e-01,  1.44977495e-01],
       [ 7.10369200e-02,  9.99962151e-01,  8.69981013e-03,
         2.29210630e-02, -5.61431274e-02],
       [ 6.78378418e-02,  9.99939024e-01,  1.10421311e-02,
        -5.85137978e-02,  8.32400024e-02],
       [ 6.71256334e-02,  9.99893844e-01,  1.45697407e-02,
         5.00637330e-02, -4.02047634e-02],
       [ 7.58660957e-02,  9.99955833e-01,  9.39556491e-03,
         5.92878312e-02, -2.65863035e-02],
       [ 7.48326927e-02,  9.99704480e-01,  2.43105572e-02,
        -7.10766837e-02,  1.99149027e-01],
       [ 1.03122137e-01,  9.99989331e-01,  4.62221075e-03,
         4.04280514e-01, -4.39367056e-01]], dtype=float32), 'action': array([-0.17708209,  0.46042806,  0.43065044,  0.43225718,  0.4806943 ,
        0.49584118, -0.26157033, -0.47593424, -0.32676592,  0.08067789,
        0.43627146,  0.01794203, -0.04604953, -0.22360225,  0.07353829,
       -0.17312594, -0.07791609, -0.05115273,  0.48305392, -0.13174576,
        0.1479388 , -0.04631537,  0.08593845,  0.08062255,  0.00865503,
       -0.14713839,  0.37470666, -0.24666508,  0.05264675, -0.11770512,
        0.08360328,  0.31416833, -0.20444089,  0.04272066,  0.15283732,
       -0.22650723,  0.10328139, -0.06416379, -0.0378333 ,  0.24552667,
       -0.14682814,  0.06810981, -0.16996984,  0.26459962, -0.19345173,
        0.05505341, -0.04709415, -0.02792958,  0.12695694, -0.11769963,
        0.08683516, -0.04589508,  0.06662539,  0.00676978, -0.07339873,
        0.28881437, -0.22163235], dtype=float32), 'dt': array([14, 19, 17, 19, 18, 20, 24, 11, 15, 14, 18, 20, 19, 20, 20, 18, 18,
       19, 18, 17, 18, 18, 18, 17, 18, 19, 18, 19, 18, 18, 16, 17, 19, 18,
       16, 18, 18, 19, 17, 17, 19, 17, 19, 16, 18, 17, 16, 17, 17, 19, 18,
       18, 17, 16, 18, 17, 19], dtype=int32), 'latent_action': array([[ 0.7723219 ,  0.7664648 ],
       [-0.75228465, -0.78953505],
       [-0.77273285, -0.73315704],
       [-0.7510291 , -0.752751  ],
       [-0.7589192 , -0.75914776],
       [-0.7504005 , -0.7830636 ],
       [ 0.7766913 , -0.6780809 ],
       [ 0.7397075 ,  0.75437784],
       [ 0.721081  ,  0.22484295],
       [-0.07863345,  0.12921421],
       [-0.41288614, -0.7460213 ],
       [ 0.22196363, -0.78923786],
       [ 0.29528216, -0.7778309 ],
       [ 0.51949966, -0.7847728 ],
       [ 0.12841332, -0.7855576 ],
       [ 0.54184055, -0.7646246 ],
       [ 0.2791323 , -0.7557437 ],
       [ 0.04286288, -0.7419735 ],
       [-0.67899454, -0.7766991 ],
       [ 0.36828893, -0.7529456 ],
       [-0.08923259, -0.7767541 ],
       [ 0.18030891, -0.7751107 ],
       [ 0.01942587, -0.7232067 ],
       [ 0.11083503, -0.74089843],
       [ 0.26239285, -0.77418995],
       [ 0.2972823 , -0.7924503 ],
       [-0.38169998, -0.7351251 ],
       [ 0.6722708 , -0.78005993],
       [ 0.13913631, -0.7520163 ],
       [ 0.3933132 , -0.7708002 ],
       [-0.12371467, -0.7589883 ],
       [-0.40539017, -0.7965818 ],
       [ 0.50389946, -0.7648903 ],
       [ 0.05761994, -0.7630149 ],
       [ 0.0565423 , -0.78918266],
       [ 0.46817866, -0.76498586],
       [ 0.03240166, -0.7129439 ],
       [ 0.3042869 , -0.7937447 ],
       [ 0.12242704, -0.7476074 ],
       [-0.29077902, -0.76031584],
       [ 0.39930782, -0.7689388 ],
       [ 0.05461141, -0.7460128 ],
       [ 0.38971847, -0.7402587 ],
       [-0.28277376, -0.74937105],
       [ 0.3686436 , -0.7557191 ],
       [ 0.05151579, -0.72987604],
       [ 0.30399776, -0.722682  ],
       [ 0.20670559, -0.74062777],
       [ 0.04184091, -0.76476145],
       [ 0.33477843, -0.8148879 ],
       [ 0.04273693, -0.80004615],
       [ 0.18457931, -0.7457916 ],
       [ 0.04075076, -0.72549945],
       [ 0.19912261, -0.7555295 ],
       [ 0.16863506, -0.7422786 ],
       [-0.31777743, -0.7522269 ],
       [ 0.6037135 , -0.78470457]], dtype=float32), 'hybrid_action': array([[-0.17708209, -0.13529243],
       [ 0.46042806,  0.25899607],
       [ 0.43065044,  0.12655306],
       [ 0.43225718,  0.2093001 ],
       [ 0.4806943 ,  0.15813965],
       [ 0.49584118,  0.3188095 ],
       [-0.26157033,  0.5712434 ],
       [-0.47593424, -0.3120263 ],
       [-0.32676592, -0.02358723],
       [ 0.08067789, -0.13160872],
       [ 0.43627146,  0.19886449],
       [ 0.01794203,  0.32413495],
       [-0.04604953,  0.26141426],
       [-0.22360225,  0.28493345],
       [ 0.07353829,  0.28958803],
       [-0.17312594,  0.1975239 ],
       [-0.07791609,  0.19357197],
       [-0.05115273,  0.23902819],
       [ 0.48305392,  0.15725976],
       [-0.13174576,  0.13599892],
       [ 0.1479388 ,  0.17838213],
       [-0.04631537,  0.15980287],
       [ 0.08593845,  0.1403197 ],
       [ 0.08062255,  0.1341565 ],
       [ 0.00865503,  0.1776258 ],
       [-0.14713839,  0.21252562],
       [ 0.37470666,  0.185122  ],
       [-0.24666508,  0.26633385],
       [ 0.05264675,  0.19041945],
       [-0.11770512,  0.16601029],
       [ 0.08360328,  0.06891007],
       [ 0.31416833,  0.08322878],
       [-0.20444089,  0.2125623 ],
       [ 0.04272066,  0.14435573],
       [ 0.15283732,  0.067472  ],
       [-0.22650723,  0.17069733],
       [ 0.10328139,  0.14000645],
       [-0.06416379,  0.2626035 ],
       [-0.0378333 ,  0.12358438],
       [ 0.24552667,  0.11275378],
       [-0.14682814,  0.21750952],
       [ 0.06810981,  0.12261325],
       [-0.16996984,  0.22287476],
       [ 0.26459962,  0.05587503],
       [-0.19345173,  0.17464142],
       [ 0.05505341,  0.11574783],
       [-0.04709415,  0.0514239 ],
       [-0.02792958,  0.12793654],
       [ 0.12695694,  0.11042957],
       [-0.11769963,  0.2163927 ],
       [ 0.08683516,  0.16797605],
       [-0.04589508,  0.16192165],
       [ 0.06662539,  0.12150031],
       [ 0.00676978,  0.0502047 ],
       [-0.07339873,  0.14941761],
       [ 0.28881437,  0.09224317],
       [-0.22163235,  0.2123919 ]], dtype=float32)}",8.48586920927544,56.300000000000004
5150,804.625501283298,"{0: [0, 0, 0, 0, 0, 0, 0, 0, 0, 1, 1, 2, 9, 9, 8, 37, 133, 180, 118, 45, 16, 4, 1, 0, 0, 0, 0, 0, 0, 0]}",[804.625501283298],"{'state': array([[ 0.00000000e+00,  0.00000000e+00,  0.00000000e+00,
         0.00000000e+00,  0.00000000e+00],
       [-2.21542828e-02, -9.99734879e-01,  2.30244175e-02,
        -3.09145778e-01, -4.35189515e-01],
       [ 1.66632570e-02, -9.99046564e-01, -4.36573252e-02,
         7.16210961e-01,  1.10447443e+00],
       [ 2.29428500e-01, -9.44535792e-01, -3.28408450e-01,
         1.63917637e+00,  1.97980547e+00],
       [ 5.65518916e-01, -7.91494250e-01, -6.11176610e-01,
         2.30869150e+00,  1.67009270e+00],
       [ 1.02543306e+00, -6.41707361e-01, -7.66949594e-01,
         3.10170460e+00,  7.84001946e-01],
       [ 1.76814592e+00, -6.42308414e-01, -7.66446292e-01,
         3.97172666e+00, -7.91106999e-01],
       [ 1.84893715e+00, -9.49073195e-01,  3.15055639e-01,
        -7.56367922e-01, -7.02233267e+00],
       [ 1.73257947e+00, -3.75297397e-01,  9.26904440e-01,
        -1.01187444e+00, -6.04091167e+00],
       [ 1.54498971e+00,  3.93418103e-01,  9.19359684e-01,
        -1.37308645e+00, -3.76040339e+00],
       [ 1.30114412e+00,  8.29284668e-01,  5.58826447e-01,
        -9.65932310e-01, -1.91419911e+00],
       [ 1.17531681e+00,  9.56758678e-01,  2.90882915e-01,
        -4.28755999e-01, -1.53074872e+00],
       [ 1.05670726e+00,  9.95353758e-01,  9.62856635e-02,
        -7.54315913e-01, -5.50361931e-01],
       [ 8.99800003e-01,  9.98992860e-01,  4.48697954e-02,
        -9.88088250e-01, -4.56837304e-02],
       [ 6.83621347e-01,  9.97050107e-01,  7.67534077e-02,
        -1.17440438e+00,  3.81189674e-01],
       [ 5.21464109e-01,  9.96506929e-01,  8.35101083e-02,
        -5.32684743e-01, -3.06452721e-01],
       [ 4.16815847e-01,  9.98342752e-01,  5.75481094e-02,
        -6.29550517e-01,  5.43621508e-03],
       [ 3.17323208e-01,  9.98671710e-01,  5.15248403e-02,
        -4.75798905e-01, -7.52288625e-02],
       [ 2.44639441e-01,  9.99333560e-01,  3.65022533e-02,
        -3.79009455e-01, -1.08195953e-01],
       [ 1.62855104e-01,  9.98702884e-01,  5.09171262e-02,
        -5.83432138e-01,  2.84140199e-01],
       [ 9.01188329e-02,  9.97591197e-01,  6.93667531e-02,
        -2.25151107e-01, -7.01975003e-02],
       [ 8.33287612e-02,  9.99772727e-01,  2.13199537e-02,
         1.50726035e-01, -4.86490875e-01],
       [ 5.60688786e-02,  9.99959409e-01,  9.00817383e-03,
        -4.23035860e-01,  3.57109874e-01],
       [ 1.69628449e-02,  9.99706864e-01,  2.42121052e-02,
        -1.18026827e-02, -1.81143954e-01],
       [ 8.52345023e-03,  9.99996185e-01,  2.77134962e-03,
        -7.65630901e-02, -5.49200028e-02],
       [-2.58486383e-02,  9.99709547e-01,  2.41012257e-02,
        -3.05785924e-01,  3.01687151e-01],
       [-3.44592892e-02,  9.99828994e-01,  1.84918679e-02,
         2.04590201e-01, -3.70133013e-01],
       [-3.01012415e-02,  9.99999881e-01,  4.62191238e-04,
        -1.55789822e-01,  1.61540076e-01],
       [-4.00689393e-02,  9.99990106e-01,  4.45402786e-03,
         4.49515097e-02, -1.15352809e-01],
       [-3.55342217e-02,  9.99927104e-01, -1.20758517e-02,
         3.14565143e-03, -6.66313097e-02],
       [-5.17321266e-02,  9.99997020e-01, -2.43375846e-03,
        -1.83320835e-01,  1.78183571e-01],
       [-6.76275715e-02,  9.99984503e-01,  5.57020865e-03,
         6.53532939e-03, -8.55798423e-02],
       [-8.05516690e-02,  9.99939203e-01,  1.10270744e-02,
        -1.42695636e-01,  1.45651713e-01],
       [-9.81720686e-02,  9.99558389e-01,  2.97155920e-02,
        -5.34774214e-02,  7.06117079e-02],
       [-8.60908628e-02,  9.99857485e-01,  1.68836657e-02,
         1.95861101e-01, -2.27188915e-01],
       [-6.52008131e-02,  9.99999166e-01, -1.31126703e-03,
         3.66301984e-02,  1.66861098e-02],
       [-6.14890791e-02,  9.99981999e-01,  5.99818397e-03,
         4.45973640e-03,  6.78758249e-02],
       [-5.78689799e-02,  9.99882936e-01,  1.53023796e-02,
         3.79461423e-02,  4.56199609e-02],
       [-4.12683301e-02,  9.99933720e-01,  1.15137082e-02,
         1.57428727e-01, -9.18354467e-02],
       [-1.33477142e-02,  9.99995768e-01, -2.90887989e-03,
         1.53100356e-01, -7.50210658e-02],
       [-1.53137511e-03,  9.99983370e-01,  5.76646347e-03,
        -2.19855513e-02,  1.75381824e-01],
       [ 8.50027148e-03,  9.99836922e-01,  1.80590879e-02,
         1.39759958e-01, -2.54204758e-02],
       [ 4.23537455e-02,  9.99997973e-01,  2.01831036e-03,
         2.58830667e-01, -1.70251206e-01],
       [ 7.98650607e-02,  9.99859631e-01, -1.67542901e-02,
         1.58354133e-01, -4.69428375e-02],
       [ 1.04481131e-01,  9.99711752e-01, -2.40093246e-02,
         1.15309410e-01, -3.70095186e-02],
       [ 1.19996279e-01,  9.99558628e-01, -2.97081843e-02,
         6.73345402e-02, -3.25291753e-02],
       [ 1.28370419e-01,  9.99302208e-01, -3.73514257e-02,
         3.13355140e-02, -6.07523434e-02],
       [ 9.86668766e-02,  9.99984503e-01, -5.57059702e-03,
        -3.44705731e-01,  4.10799474e-01],
       [ 6.73638880e-02,  9.99659121e-01,  2.61092223e-02,
        -3.77332745e-03, -4.42146957e-02],
       [ 6.39611259e-02,  9.99604166e-01,  2.81330533e-02,
        -3.20890620e-02,  6.65016547e-02],
       [ 8.60933363e-02,  9.99985397e-01,  5.40802348e-03,
         2.78475553e-01, -3.29479903e-01],
       [ 1.10348880e-01,  9.99839246e-01, -1.79287381e-02,
        -8.47810507e-03,  5.94633743e-02],
       [ 9.99297425e-02,  9.99996006e-01,  2.81757489e-03,
        -1.07720636e-01,  1.80562049e-01],
       [ 1.00711979e-01,  9.99972999e-01,  7.34969461e-03,
         1.16830893e-01, -1.25273690e-01],
       [ 1.18905716e-01,  9.99935687e-01, -1.13434074e-02,
         9.75807384e-02, -1.02738634e-01],
       [ 1.28169730e-01,  9.99770641e-01, -2.14153361e-02,
         5.56419184e-03, -1.38047524e-02]], dtype=float32), 'action': array([-0.23961206,  0.5531511 ,  0.5427998 ,  0.4494359 ,  0.5373429 ,
        0.4799796 , -0.34014526, -0.38537982, -0.36547154,  0.2106416 ,
        0.3316522 , -0.15616882, -0.12895535, -0.09188533,  0.35344112,
       -0.05059122,  0.091694  ,  0.06163665, -0.1207712 ,  0.20910153,
        0.21813548, -0.29448897,  0.23634869, -0.0341748 , -0.13018686,
        0.31048587, -0.2054641 ,  0.11498106, -0.02291995, -0.10715598,
        0.10869209, -0.0803155 ,  0.05243228,  0.15258327, -0.09052856,
       -0.01823679,  0.02101403,  0.07327467, -0.00217046, -0.10003811,
        0.09875607,  0.07279587, -0.0579665 , -0.02602223, -0.03090611,
       -0.02412029, -0.20530793,  0.1957002 , -0.01348172,  0.178797  ,
       -0.16455024, -0.05728701,  0.13630323, -0.01178774, -0.05375947,
       -0.14010967], dtype=float32), 'dt': array([13, 19, 18, 17, 17, 21, 22, 13, 16, 21, 18, 20, 18, 20, 19, 18, 18,
       17, 17, 18, 18, 20, 18, 19, 18, 17, 18, 18, 19, 18, 18, 19, 18, 17,
       18, 18, 17, 17, 18, 18, 17, 17, 18, 18, 17, 17, 19, 18, 19, 18, 18,
       18, 17, 17, 18, 18], dtype=int32), 'latent_action': array([[ 0.77637815,  0.7298522 ],
       [-0.75106394, -0.72919405],
       [-0.79977727, -0.7783177 ],
       [-0.76918983, -0.7669064 ],
       [-0.7484267 , -0.76958585],
       [-0.781105  , -0.7826655 ],
       [ 0.8050155 , -0.49131805],
       [ 0.70595694,  0.62044346],
       [ 0.7757908 ,  0.29299024],
       [-0.037103  , -0.6959084 ],
       [-0.05168069, -0.7903385 ],
       [ 0.556579  , -0.74298203],
       [ 0.3900347 , -0.7367455 ],
       [ 0.33697504, -0.7676196 ],
       [-0.40873444, -0.7707679 ],
       [ 0.20772803, -0.77568823],
       [ 0.12037235, -0.7530021 ],
       [ 0.11839073, -0.7848481 ],
       [ 0.27461258, -0.78308964],
       [-0.12759289, -0.78745687],
       [-0.05946952, -0.7397448 ],
       [ 0.6292037 , -0.77052116],
       [-0.2104535 , -0.7549872 ],
       [ 0.29299727, -0.759961  ],
       [ 0.32420874, -0.772371  ],
       [-0.14510043, -0.791677  ],
       [ 0.49212334, -0.7594774 ],
       [ 0.09492167, -0.7637447 ],
       [ 0.34661725, -0.7842227 ],
       [ 0.32907587, -0.70033824],
       [ 0.03225792, -0.77098876],
       [ 0.31276494, -0.8039764 ],
       [ 0.13128544, -0.7789711 ],
       [-0.06658506, -0.74613655],
       [ 0.32585767, -0.777185  ],
       [ 0.19623263, -0.76949203],
       [ 0.08886381, -0.7384006 ],
       [ 0.05983218, -0.7920902 ],
       [ 0.17269506, -0.7577696 ],
       [ 0.22684571, -0.7486971 ],
       [-0.10637724, -0.7186556 ],
       [ 0.02820416, -0.7695729 ],
       [ 0.24201706, -0.77690506],
       [ 0.28567743, -0.7333519 ],
       [ 0.34370127, -0.77242184],
       [ 0.27719498, -0.7611642 ],
       [ 0.38754115, -0.74390316],
       [-0.19294481, -0.7495285 ],
       [ 0.15294793, -0.7405404 ],
       [-0.14863926, -0.75144315],
       [ 0.37102988, -0.7431452 ],
       [ 0.1927603 , -0.80740285],
       [-0.01254761, -0.7548268 ],
       [ 0.3057791 , -0.76925373],
       [ 0.32108754, -0.71657187],
       [ 0.323     , -0.7458881 ]], dtype=float32), 'hybrid_action': array([[-0.23961206, -0.17753226],
       [ 0.5531511 ,  0.22896363],
       [ 0.5427998 ,  0.14964871],
       [ 0.4494359 ,  0.13372533],
       [ 0.5373429 ,  0.13316171],
       [ 0.4799796 ,  0.36402795],
       [-0.34014526,  0.42685676],
       [-0.38537982, -0.1900283 ],
       [-0.36547154,  0.04450286],
       [ 0.2106416 ,  0.40771398],
       [ 0.3316522 ,  0.16522786],
       [-0.15616882,  0.32657993],
       [-0.12895535,  0.19355503],
       [-0.09188533,  0.31205365],
       [ 0.35344112,  0.21695064],
       [-0.05059122,  0.19050439],
       [ 0.091694  ,  0.14869742],
       [ 0.06163665,  0.0854057 ],
       [-0.1207712 ,  0.10997681],
       [ 0.20910153,  0.14645286],
       [ 0.21813548,  0.15780468],
       [-0.29448897,  0.3066516 ],
       [ 0.23634869,  0.15708354],
       [-0.0341748 ,  0.2643942 ],
       [-0.13018686,  0.1612483 ],
       [ 0.31048587,  0.08114903],
       [-0.2054641 ,  0.14937142],
       [ 0.11498106,  0.18836139],
       [-0.02291995,  0.22009136],
       [-0.10715598,  0.17534463],
       [ 0.10869209,  0.17538323],
       [-0.0803155 ,  0.24239576],
       [ 0.05243228,  0.18904075],
       [ 0.15258327,  0.11313374],
       [-0.09052856,  0.14011438],
       [-0.01823679,  0.19445361],
       [ 0.02101403,  0.1032932 ],
       [ 0.07327467,  0.13714391],
       [-0.00217046,  0.14317498],
       [-0.10003811,  0.189644  ],
       [ 0.09875607,  0.1135576 ],
       [ 0.07279587,  0.13446712],
       [-0.0579665 ,  0.19827975],
       [-0.02602223,  0.19716671],
       [-0.03090611,  0.11550199],
       [-0.02412029,  0.13540973],
       [-0.20530793,  0.2594188 ],
       [ 0.1957002 ,  0.16921099],
       [-0.01348172,  0.2671346 ],
       [ 0.178797  ,  0.19453521],
       [-0.16455024,  0.19656695],
       [-0.05728701,  0.14065225],
       [ 0.13630323,  0.12071356],
       [-0.01178774,  0.09442537],
       [-0.05375947,  0.17015854],
       [-0.14010967,  0.18285005]], dtype=float32)}",12.346666115257042,56.400000000000006
5200,803.8832022061414,"{0: [0, 0, 0, 0, 0, 0, 0, 0, 0, 1, 0, 3, 5, 11, 6, 28, 131, 191, 133, 38, 13, 1, 2, 0, 0, 0, 0, 0, 0, 0]}",[803.8832022061414],"{'state': array([[ 0.00000000e+00,  0.00000000e+00,  0.00000000e+00,
         0.00000000e+00,  0.00000000e+00],
       [-3.27458568e-02, -9.98980880e-01,  4.51349542e-02,
        -3.48079175e-01, -4.61823016e-01],
       [-1.78698509e-03, -9.99721885e-01, -2.35830881e-02,
         6.56072021e-01,  1.11406910e+00],
       [ 1.68242216e-01, -9.61703300e-01, -2.74092525e-01,
         1.33770108e+00,  1.75631738e+00],
       [ 4.87100303e-01, -8.18757653e-01, -5.74139237e-01,
         2.19669533e+00,  1.78158939e+00],
       [ 9.47792053e-01, -6.56989336e-01, -7.53899872e-01,
         2.92164230e+00,  8.04814458e-01],
       [ 1.56501758e+00, -6.48881376e-01, -7.60889590e-01,
         3.57560682e+00, -6.96465313e-01],
       [ 1.87988865e+00, -9.99650478e-01, -2.64375042e-02,
        -4.62165922e-01, -6.95079088e+00],
       [ 1.79109263e+00, -6.33601844e-01,  7.73659289e-01,
        -8.53553236e-01, -6.71193838e+00],
       [ 1.62018287e+00,  2.71623313e-01,  9.62403655e-01,
        -1.19450128e+00, -4.45601940e+00],
       [ 1.47780442e+00,  6.84410572e-01,  7.29096830e-01,
        -1.01103580e+00, -2.99065542e+00],
       [ 1.28075051e+00,  9.26687002e-01,  3.75833988e-01,
        -9.64116633e-01, -1.49383318e+00],
       [ 1.09659660e+00,  9.83736157e-01,  1.79619461e-01,
        -9.71619427e-01, -7.53318965e-01],
       [ 8.98015618e-01,  9.95523870e-01,  9.45102498e-02,
        -1.11706352e+00, -1.91779241e-01],
       [ 6.73573375e-01,  9.95089650e-01,  9.89778340e-02,
        -1.24557650e+00,  2.41160482e-01],
       [ 5.11985898e-01,  9.98100162e-01,  6.16118461e-02,
        -4.54446793e-01, -6.54550076e-01],
       [ 3.67560804e-01,  9.99499142e-01,  3.16468403e-02,
        -1.06519318e+00,  3.24514031e-01],
       [ 2.02936977e-01,  9.98766363e-01,  4.96559367e-02,
        -6.68101788e-01, -1.25989616e-01],
       [ 6.40093088e-02,  9.97850180e-01,  6.55362904e-02,
        -8.75853777e-01,  3.09938192e-01],
       [-4.73858714e-02,  9.96849298e-01,  7.93191865e-02,
        -4.34970438e-01, -1.41252354e-01],
       [-1.32124886e-01,  9.96214032e-01,  8.69346485e-02,
        -5.62099934e-01,  2.34420687e-01],
       [-1.74045920e-01,  9.97965157e-01,  6.37615472e-02,
         9.68269706e-02, -5.03590405e-01],
       [-2.01854855e-01,  9.98998940e-01,  4.47337292e-02,
        -3.74495536e-01,  3.03489923e-01],
       [-2.27872208e-01,  9.98557746e-01,  5.36881238e-02,
         4.90998663e-02, -1.87706605e-01],
       [-2.26980314e-01,  9.99105334e-01,  4.22909856e-02,
        -3.94642688e-02,  6.21097572e-02],
       [-2.16341898e-01,  9.99243438e-01,  3.88920158e-02,
         1.51520014e-01, -9.95618924e-02],
       [-1.83835208e-01,  9.99779344e-01,  2.10055858e-02,
         2.10036755e-01, -1.07462771e-01],
       [-1.54179946e-01,  9.99885559e-01,  1.51293762e-02,
         1.38964742e-01,  3.57772000e-02],
       [-1.19926542e-01,  9.99961436e-01,  8.78547970e-03,
         2.64139950e-01, -1.13162369e-01],
       [-9.38582644e-02,  9.99826670e-01,  1.86186470e-02,
         4.23568301e-02,  2.33100682e-01],
       [-4.59649079e-02,  9.99994218e-01,  3.39401560e-03,
         5.21391094e-01, -4.18838441e-01],
       [ 5.89044858e-03,  9.99948263e-01, -1.01703564e-02,
         2.47615725e-02,  2.69474804e-01],
       [ 3.18923891e-02,  9.99999881e-01,  4.38418559e-04,
         3.00063103e-01, -1.32534519e-01],
       [ 8.81713778e-02,  9.99589503e-01, -2.86496244e-02,
         3.25861841e-01, -2.04020411e-01],
       [ 1.18964776e-01,  9.99517322e-01, -3.10655329e-02,
        -1.66179694e-03,  1.77396417e-01],
       [ 1.10935986e-01,  9.99970853e-01,  7.63851916e-03,
        -8.83497521e-02,  2.70430386e-01],
       [ 1.29024222e-01,  9.99979377e-01,  6.41801488e-03,
         3.14470261e-01, -2.86177695e-01],
       [ 1.70412138e-01,  9.99700546e-01, -2.44702827e-02,
         1.46041378e-01, -7.12127462e-02],
       [ 1.80758491e-01,  9.99800503e-01, -1.99746862e-02,
        -3.11735161e-02,  1.23235665e-01],
       [ 1.73709705e-01,  9.99999106e-01,  1.32187933e-03,
        -4.75888997e-02,  1.23157233e-01],
       [ 1.88701466e-01,  9.99932528e-01, -1.16156451e-02,
         2.35221088e-01, -2.90144563e-01],
       [ 1.85302570e-01,  9.99999166e-01, -1.28388358e-03,
        -2.71219611e-01,  4.03896719e-01],
       [ 1.90648854e-01,  9.99981880e-01, -6.01942604e-03,
         3.34201485e-01, -4.61647213e-01],
       [ 1.90988943e-01,  9.99974310e-01, -7.16794934e-03,
        -3.30762804e-01,  4.49557900e-01],
       [ 1.83704287e-01,  9.99999464e-01, -1.05734705e-03,
         2.44933143e-01, -3.75008553e-01],
       [ 1.77770928e-01,  1.00000000e+00, -2.27007127e-04,
        -3.01452070e-01,  3.83344620e-01],
       [ 1.65114522e-01,  9.99937356e-01,  1.11941891e-02,
         1.43027961e-01, -2.35896900e-01],
       [ 1.87523857e-01,  9.99650359e-01, -2.64423694e-02,
         1.21349454e-01, -2.23211274e-01],
       [ 1.75133973e-01,  9.99708652e-01, -2.41379272e-02,
        -2.59058118e-01,  2.49877900e-01],
       [ 1.36794090e-01,  9.99971747e-01,  7.51390122e-03,
        -1.92620322e-01,  1.36216998e-01],
       [ 1.04457624e-01,  9.99513030e-01,  3.12035456e-02,
        -1.48283750e-01,  1.24642834e-01],
       [ 1.19990990e-01,  9.99999404e-01, -1.11449452e-03,
         3.31667811e-01, -5.18978715e-01],
       [ 1.27661332e-01,  9.99677122e-01, -2.54105907e-02,
        -2.54385263e-01,  2.63557196e-01],
       [ 8.45828727e-02,  9.99879599e-01,  1.55177824e-02,
        -2.25112841e-01,  2.09971875e-01],
       [ 6.84483051e-02,  9.99736309e-01,  2.29634326e-02,
         4.56792749e-02, -1.23798974e-01],
       [ 7.91921616e-02,  9.99999642e-01,  8.55079328e-04,
         8.11531469e-02, -1.45891726e-01]], dtype=float32), 'action': array([-0.2570279 ,  0.5129131 ,  0.42418364,  0.5314286 ,  0.46898267,
        0.40458068, -0.34796363, -0.43488744, -0.3813418 ,  0.12301306,
        0.04231924,  0.01253541, -0.06977921, -0.06312191,  0.4344725 ,
       -0.32790014,  0.21800469, -0.11491188,  0.27200708, -0.07127518,
        0.38221872, -0.23909053,  0.27588177, -0.04470821,  0.10632157,
        0.03554836, -0.04176692,  0.07662547, -0.13331617,  0.290804  ,
       -0.26939562,  0.17671558,  0.01379813, -0.17957802, -0.05039177,
        0.25955084, -0.09694559, -0.10289504, -0.01003508,  0.18152149,
       -0.2749397 ,  0.3662877 , -0.34295064,  0.3482554 , -0.26814717,
        0.28622523, -0.01364571, -0.21933757,  0.03963695,  0.02535396,
        0.29163322, -0.30276603,  0.01638993,  0.15620978,  0.0223061 ,
       -0.08261061], dtype=float32), 'dt': array([14, 20, 17, 18, 18, 19, 21, 13, 17, 13, 20, 19, 19, 19, 19, 19, 19,
       18, 17, 17, 18, 20, 16, 19, 19, 18, 17, 17, 17, 17, 19, 16, 18, 19,
       18, 16, 18, 18, 18, 16, 19, 17, 20, 17, 21, 16, 17, 18, 17, 19, 17,
       20, 18, 18, 17, 19], dtype=int32), 'latent_action': array([[ 0.7721832 ,  0.76296663],
       [-0.7709866 , -0.78869754],
       [-0.76200175, -0.7772743 ],
       [-0.7557993 , -0.76544434],
       [-0.7775111 , -0.80138284],
       [-0.7619577 , -0.7491113 ],
       [ 0.7475489 , -0.62720495],
       [ 0.7327465 ,  0.5983949 ],
       [ 0.76745343,  0.00440075],
       [-0.00222174,  0.17137556],
       [ 0.3342359 , -0.7512946 ],
       [ 0.14009115, -0.76898116],
       [ 0.316769  , -0.7426671 ],
       [ 0.16804583, -0.77712226],
       [-0.3755964 , -0.7626436 ],
       [ 0.6753781 , -0.76343906],
       [-0.05499741, -0.79041165],
       [ 0.3143573 , -0.77087235],
       [-0.22213803, -0.77550185],
       [ 0.2344549 , -0.7608682 ],
       [-0.49745294, -0.77461255],
       [ 0.5766225 , -0.7829    ],
       [-0.31470042, -0.7511341 ],
       [ 0.24540493, -0.77796054],
       [-0.11765179, -0.7744259 ],
       [ 0.07089794, -0.7497492 ],
       [ 0.19410463, -0.7632122 ],
       [ 0.02620552, -0.7616619 ],
       [ 0.24652076, -0.76943153],
       [-0.40403166, -0.75552446],
       [ 0.5665735 , -0.7653198 ],
       [-0.14063233, -0.72812676],
       [ 0.13346319, -0.7603024 ],
       [ 0.47482353, -0.7633361 ],
       [ 0.05755443, -0.7919373 ],
       [-0.3173711 , -0.75053376],
       [ 0.41090766, -0.7378901 ],
       [ 0.29842857, -0.75525814],
       [ 0.10951281, -0.74078536],
       [-0.17157921, -0.81132996],
       [ 0.4502864 , -0.74260354],
       [-0.43742558, -0.7777139 ],
       [ 0.608817  , -0.7691124 ],
       [-0.436157  , -0.710721  ],
       [ 0.552315  , -0.78501654],
       [-0.2946602 , -0.7631575 ],
       [ 0.21640693, -0.7671813 ],
       [ 0.4464958 , -0.77565324],
       [ 0.15238197, -0.7142173 ],
       [ 0.12340806, -0.78812844],
       [-0.256035  , -0.7639136 ],
       [ 0.70695627, -0.7898202 ],
       [ 0.08010889, -0.78151655],
       [-0.1275834 , -0.73594123],
       [ 0.18531087, -0.7597042 ],
       [ 0.26775777, -0.78173965]], dtype=float32), 'hybrid_action': array([[-0.2570279 , -0.0886591 ],
       [ 0.5129131 ,  0.3146736 ],
       [ 0.42418364,  0.13594504],
       [ 0.5314286 ,  0.1559818 ],
       [ 0.46898267,  0.16440383],
       [ 0.40458068,  0.2620124 ],
       [-0.34796363,  0.390585  ],
       [-0.43488744, -0.14238659],
       [-0.3813418 ,  0.1189566 ],
       [ 0.12301306, -0.14124429],
       [ 0.04231924,  0.34334943],
       [ 0.01253541,  0.2219908 ],
       [-0.06977921,  0.2583982 ],
       [-0.06312191,  0.20877948],
       [ 0.4344725 ,  0.21687566],
       [-0.32790014,  0.24776646],
       [ 0.21800469,  0.22751619],
       [-0.11491188,  0.18637982],
       [ 0.27200708,  0.09411481],
       [-0.07127518,  0.12676327],
       [ 0.38221872,  0.1740065 ],
       [-0.23909053,  0.27888313],
       [ 0.27588177,  0.04035809],
       [-0.04470821,  0.2505472 ],
       [ 0.10632157,  0.219682  ],
       [ 0.03554836,  0.1460633 ],
       [-0.04176692,  0.12945308],
       [ 0.07662547,  0.10815172],
       [-0.13331617,  0.08262116],
       [ 0.290804  ,  0.08979855],
       [-0.26939562,  0.23832066],
       [ 0.17671558,  0.04922523],
       [ 0.01379813,  0.15591219],
       [-0.17957802,  0.25818658],
       [-0.05039177,  0.15029456],
       [ 0.25955084,  0.04222396],
       [-0.09694559,  0.1729322 ],
       [-0.10289504,  0.1527891 ],
       [-0.01003508,  0.18690425],
       [ 0.18152149,  0.06881616],
       [-0.2749397 ,  0.22705482],
       [ 0.3662877 ,  0.1126198 ],
       [-0.34295064,  0.28596172],
       [ 0.3482554 ,  0.100595  ],
       [-0.26814717,  0.34614947],
       [ 0.28622523,  0.0518822 ],
       [-0.01364571,  0.1114551 ],
       [-0.21933757,  0.18787841],
       [ 0.03963695,  0.13426694],
       [ 0.02535396,  0.24495636],
       [ 0.29163322,  0.13530904],
       [-0.30276603,  0.28314957],
       [ 0.01638993,  0.18452524],
       [ 0.15620978,  0.17374693],
       [ 0.0223061 ,  0.11997645],
       [-0.08261061,  0.2242715 ]], dtype=float32)}",10.386325997147512,56.300000000000004
5250,802.0454811535614,"{0: [0, 0, 0, 0, 0, 0, 0, 0, 0, 0, 1, 1, 7, 6, 11, 27, 125, 186, 124, 52, 15, 5, 0, 0, 0, 0, 0, 0, 0, 0]}",[802.0454811535614],"{'state': array([[ 0.00000000e+00,  0.00000000e+00,  0.00000000e+00,
         0.00000000e+00,  0.00000000e+00],
       [-4.08072360e-02, -9.99520004e-01,  3.09802275e-02,
        -2.18853980e-01, -2.76850939e-01],
       [ 1.32382335e-02, -9.97894526e-01, -6.48580790e-02,
         7.31094182e-01,  1.13766336e+00],
       [ 2.40674034e-01, -9.32578802e-01, -3.60966444e-01,
         1.65351486e+00,  1.90226138e+00],
       [ 5.80163062e-01, -7.81481385e-01, -6.23928547e-01,
         2.33516645e+00,  1.53951597e+00],
       [ 1.09864628e+00, -6.46219671e-01, -7.63151467e-01,
         3.12287760e+00,  4.17514175e-01],
       [ 1.83161819e+00, -7.06290245e-01, -7.07922339e-01,
         3.10944295e+00, -1.92582560e+00],
       [ 1.85780954e+00, -9.42191303e-01,  3.35075438e-01,
        -7.12978482e-01, -7.15518284e+00],
       [ 1.73267972e+00, -2.79587239e-01,  9.60120320e-01,
        -1.05220222e+00, -6.06320047e+00],
       [ 1.51108122e+00,  5.74429870e-01,  8.18553805e-01,
        -1.33740819e+00, -3.36228323e+00],
       [ 1.23409903e+00,  9.06223059e-01,  4.22799975e-01,
        -1.19052029e+00, -1.59831238e+00],
       [ 1.02477992e+00,  9.80499685e-01,  1.96520776e-01,
        -1.00960863e+00, -1.02456236e+00],
       [ 7.86124647e-01,  9.96139050e-01,  8.77896026e-02,
        -1.37491369e+00, -1.27765551e-01],
       [ 5.09434521e-01,  9.94090557e-01,  1.08554155e-01,
        -1.53803682e+00,  3.57306093e-01],
       [ 2.81144172e-01,  9.93392289e-01,  1.14768520e-01,
        -8.65181983e-01, -2.88325459e-01],
       [ 1.20081671e-01,  9.95505571e-01,  9.47029814e-02,
        -9.24004674e-01,  5.50107919e-02],
       [-3.10230069e-02,  9.93258238e-01,  1.15922526e-01,
        -8.54106247e-01,  2.05237791e-01],
       [-1.40271813e-01,  9.93176699e-01,  1.16619192e-01,
        -3.59792322e-01, -1.97102696e-01],
       [-1.93986535e-01,  9.95944202e-01,  8.99728462e-02,
        -2.36491144e-01, -1.12835795e-01],
       [-2.33365878e-01,  9.96381104e-01,  8.49978924e-02,
        -2.00956002e-01,  5.50680570e-02],
       [-2.34989345e-01,  9.97936964e-01,  6.42010197e-02,
         1.82279244e-01, -3.09590816e-01],
       [-2.11125448e-01,  9.99448061e-01,  3.32204439e-02,
         8.35078955e-02, -4.91936021e-02],
       [-1.95369527e-01,  9.99481261e-01,  3.22057419e-02,
         8.23661685e-02,  3.80168706e-02],
       [-1.66554004e-01,  9.99721229e-01,  2.36100759e-02,
         2.56808102e-01, -1.42910644e-01],
       [-1.35589093e-01,  9.99616742e-01,  2.76832078e-02,
         6.90528899e-02,  1.87755913e-01],
       [-6.90104291e-02,  9.99933779e-01, -1.15072131e-02,
         6.71524405e-01, -6.41272008e-01],
       [-2.76522408e-03,  9.98780310e-01, -4.93749343e-02,
        -3.96542549e-02,  2.59953648e-01],
       [-2.28629215e-03,  9.99774575e-01, -2.12309007e-02,
         4.40841094e-02,  5.00549264e-02],
       [ 1.06893545e-02,  9.99704480e-01, -2.43083909e-02,
         1.00152664e-01, -8.56643096e-02],
       [ 1.99985970e-02,  9.99436557e-01, -3.35638300e-02,
         3.47798271e-03, -2.14638002e-02],
       [-1.59565639e-02,  9.99943078e-01,  1.06717627e-02,
        -4.27350402e-01,  5.61176002e-01],
       [-2.97306981e-02,  9.99656081e-01,  2.62242109e-02,
         2.73960859e-01, -3.81120324e-01],
       [-1.36809768e-02,  9.99954700e-01,  9.51748528e-03,
        -1.04649276e-01,  1.97180584e-01],
       [-8.56071338e-03,  9.99918938e-01,  1.27337463e-02,
         1.64820209e-01, -1.57938436e-01],
       [ 1.19517371e-02,  9.99995947e-01, -2.85498495e-03,
         9.18747485e-02, -4.32795212e-02],
       [ 2.03752425e-02,  9.99999881e-01, -4.41632990e-04,
         7.17901485e-03,  7.27145970e-02],
       [ 2.60795299e-02,  9.99976456e-01,  6.86429348e-03,
         5.60491681e-02,  1.18092159e-02],
       [ 5.29566258e-02,  9.99891579e-01, -1.47264870e-02,
         2.43030652e-01, -2.61590362e-01],
       [ 7.04525858e-02,  9.99579608e-01, -2.89937109e-02,
        -5.85410260e-02,  1.04445286e-01],
       [ 4.59744819e-02,  9.99983251e-01,  5.78914722e-03,
        -2.30119407e-01,  3.19882184e-01],
       [ 2.94134542e-02,  9.99517322e-01,  3.10655497e-02,
         3.47784124e-02, -1.14697078e-02],
       [ 4.46049608e-02,  9.99740779e-01,  2.27683205e-02,
         1.34187892e-01, -8.45578834e-02],
       [ 8.95951241e-02,  9.99772489e-01, -2.13296823e-02,
         3.95968437e-01, -4.53368038e-01],
       [ 1.10099673e-01,  9.99304116e-01, -3.73001248e-02,
        -1.90532878e-01,  2.85372436e-01],
       [ 7.78999105e-02,  9.99979973e-01,  6.32460928e-03,
        -1.89141139e-01,  2.46834189e-01],
       [ 5.62457591e-02,  9.99317229e-01,  3.69467176e-02,
        -5.21015860e-02,  1.07552044e-01],
       [ 8.63089636e-02,  9.99984741e-01,  5.52402483e-03,
         4.06410426e-01, -4.91025031e-01],
       [ 1.22152790e-01,  9.99495387e-01, -3.17635089e-02,
        -7.35647045e-03,  5.95028922e-02],
       [ 1.04402766e-01,  9.99995768e-01, -2.90487381e-03,
        -1.90466374e-01,  2.74443150e-01],
       [ 9.56712067e-02,  9.99941349e-01,  1.08285835e-02,
         9.31583419e-02, -1.15544856e-01],
       [ 1.15667008e-01,  9.99906898e-01, -1.36466362e-02,
         1.17859811e-01, -1.53910518e-01],
       [ 1.09925792e-01,  9.99980927e-01, -6.18041819e-03,
        -1.78453922e-01,  2.36112103e-01],
       [ 1.03790462e-01,  9.99999106e-01, -1.34716672e-03,
         1.10178970e-01, -1.80189565e-01],
       [ 9.73823443e-02,  9.99994695e-01,  3.24928667e-03,
        -1.81471646e-01,  2.33359545e-01],
       [ 9.03289765e-02,  9.99946356e-01,  1.03587080e-02,
         9.83464420e-02, -1.46628588e-01],
       [ 8.37769955e-02,  9.99773502e-01,  2.12820582e-02,
        -1.71367273e-01,  2.72997618e-01]], dtype=float32), 'action': array([-1.43760368e-01,  4.63986039e-01,  5.17283916e-01,  4.57959890e-01,
        4.80740130e-01,  4.25944477e-01, -3.64080966e-01, -4.46804702e-01,
       -2.60614127e-01,  8.43575224e-02,  1.16363414e-01, -1.79044709e-01,
       -8.18159878e-02,  3.72602820e-01, -2.65146103e-02,  4.95689735e-02,
        2.90950060e-01,  7.76519030e-02,  2.63507292e-02,  2.37274662e-01,
       -5.31373732e-02,  1.63692457e-03,  1.07563026e-01, -9.99934301e-02,
        3.45170170e-01, -3.51057202e-01,  4.29646261e-02,  3.04987580e-02,
       -5.72934039e-02, -2.61646718e-01,  4.02404904e-01, -2.03976348e-01,
        1.63920075e-01, -4.65608984e-02, -5.13890572e-02,  2.81748548e-02,
        1.06680289e-01, -1.64958909e-01, -1.04690991e-01,  1.61654279e-01,
        5.87246828e-02,  1.58555686e-01, -3.04109633e-01, -2.36716121e-04,
        7.98695236e-02,  2.79090255e-01, -2.37556189e-01, -1.05934061e-01,
        1.62491009e-01,  1.32966889e-02, -1.61288306e-01,  1.64821252e-01,
       -1.66745275e-01,  1.69880837e-01, -1.53172523e-01,  2.62104809e-01],
      dtype=float32), 'dt': array([15, 21, 19, 17, 19, 21, 19, 14, 19, 22, 19, 20, 19, 19, 18, 17, 18,
       18, 18, 17, 18, 19, 17, 19, 18, 21, 19, 18, 18, 17, 18, 19, 17, 16,
       17, 18, 18, 19, 17, 17, 18, 17, 20, 17, 18, 17, 18, 18, 18, 19, 19,
       18, 18, 17, 18, 17], dtype=int32), 'latent_action': array([[ 0.7856531 ,  0.7237607 ],
       [-0.74653137, -0.76219445],
       [-0.78342414, -0.7691913 ],
       [-0.7472428 , -0.76224685],
       [-0.7629146 , -0.77525854],
       [-0.7732193 , -0.78008026],
       [ 0.74371266, -0.18427722],
       [ 0.7660626 ,  0.46065283],
       [ 0.7920938 ,  0.00557724],
       [ 0.29398587, -0.7743429 ],
       [ 0.25683725, -0.7986623 ],
       [ 0.5758929 , -0.761754  ],
       [ 0.31591767, -0.75023806],
       [-0.32339507, -0.7572628 ],
       [ 0.26151183, -0.7584562 ],
       [ 0.07779348, -0.740358  ],
       [-0.3341179 , -0.77186507],
       [ 0.05049851, -0.77321535],
       [ 0.15595765, -0.7720357 ],
       [-0.2519288 , -0.7374639 ],
       [ 0.33619094, -0.728935  ],
       [ 0.12481781, -0.7467496 ],
       [-0.03312334, -0.7159716 ],
       [ 0.2072685 , -0.80108184],
       [-0.35183293, -0.7874397 ],
       [ 0.79004854, -0.74184597],
       [ 0.10169622, -0.7647193 ],
       [ 0.266631  , -0.77395046],
       [ 0.30470425, -0.76193315],
       [ 0.44649538, -0.7400334 ],
       [-0.6067625 , -0.7721367 ],
       [ 0.408529  , -0.7529316 ],
       [-0.05129733, -0.7992059 ],
       [ 0.19000359, -0.7055727 ],
       [ 0.2525771 , -0.77372295],
       [ 0.10858946, -0.77465165],
       [ 0.09416136, -0.73629874],
       [ 0.48392949, -0.7820696 ],
       [ 0.26156527, -0.7501553 ],
       [-0.1082401 , -0.7445241 ],
       [-0.00958489, -0.76828474],
       [ 0.02849678, -0.73702765],
       [ 0.6912948 , -0.74640846],
       [ 0.11782525, -0.7840545 ],
       [-0.05278478, -0.7343929 ],
       [-0.25242582, -0.7459451 ],
       [ 0.60977185, -0.7811805 ],
       [ 0.27383935, -0.775577  ],
       [-0.11344688, -0.76953065],
       [ 0.24839725, -0.74910986],
       [ 0.3594631 , -0.7914553 ],
       [-0.09470118, -0.7511803 ],
       [ 0.3344757 , -0.7658618 ],
       [-0.03466808, -0.7675518 ],
       [ 0.30837235, -0.7346151 ],
       [-0.40585297, -0.7856771 ]], dtype=float32), 'hybrid_action': array([[-1.43760368e-01, -5.96477911e-02],
       [ 4.63986039e-01,  3.57868254e-01],
       [ 5.17283916e-01,  2.47265846e-01],
       [ 4.57959890e-01,  1.23306923e-01],
       [ 4.80740130e-01,  2.24631757e-01],
       [ 4.25944477e-01,  3.68681967e-01],
       [-3.64080966e-01,  2.09912047e-01],
       [-4.46804702e-01, -1.20126151e-01],
       [-2.60614127e-01,  2.21125454e-01],
       [ 8.43575224e-02,  4.22171444e-01],
       [ 1.16363414e-01,  2.65152454e-01],
       [-1.79044709e-01,  3.06812137e-01],
       [-8.18159878e-02,  2.22916126e-01],
       [ 3.72602820e-01,  2.50260681e-01],
       [-2.65146103e-02,  2.05639988e-01],
       [ 4.95689735e-02,  8.86133611e-02],
       [ 2.90950060e-01,  1.75839618e-01],
       [ 7.76519030e-02,  1.62734687e-01],
       [ 2.63507292e-02,  1.66867986e-01],
       [ 2.37274662e-01,  1.16839103e-01],
       [-5.31373732e-02,  1.89659581e-01],
       [ 1.63692457e-03,  2.23454788e-01],
       [ 1.07563026e-01,  7.28691369e-02],
       [-9.99934301e-02,  2.27586851e-01],
       [ 3.45170170e-01,  1.69439882e-01],
       [-3.51057202e-01,  3.61183345e-01],
       [ 4.29646261e-02,  2.54457235e-01],
       [ 3.04987580e-02,  1.97573081e-01],
       [-5.72934039e-02,  1.46363601e-01],
       [-2.61646718e-01,  1.16750650e-01],
       [ 4.02404904e-01,  1.79542869e-01],
       [-2.03976348e-01,  2.33138993e-01],
       [ 1.63920075e-01,  1.05884656e-01],
       [-4.65608984e-02,  4.73710224e-02],
       [-5.13890572e-02,  1.29787803e-01],
       [ 2.81748548e-02,  1.54324591e-01],
       [ 1.06680289e-01,  1.40097469e-01],
       [-1.64958909e-01,  2.09426746e-01],
       [-1.04690991e-01,  6.94285780e-02],
       [ 1.61654279e-01,  1.10566951e-01],
       [ 5.87246828e-02,  1.55185476e-01],
       [ 1.58555686e-01,  1.21084630e-01],
       [-3.04109633e-01,  3.25791627e-01],
       [-2.36716121e-04,  1.11480370e-01],
       [ 7.98695236e-02,  1.66442245e-01],
       [ 2.79090255e-01,  1.32660806e-01],
       [-2.37556189e-01,  1.81115195e-01],
       [-1.05934061e-01,  2.04132795e-01],
       [ 1.62491009e-01,  1.70087978e-01],
       [ 1.32966889e-02,  2.18262792e-01],
       [-1.61288306e-01,  2.21695140e-01],
       [ 1.64821252e-01,  1.84449449e-01],
       [-1.66745275e-01,  1.57388926e-01],
       [ 1.69880837e-01,  1.08333223e-01],
       [-1.53172523e-01,  1.62646547e-01],
       [ 2.62104809e-01,  7.75320604e-02]], dtype=float32)}",7.798188472784449,56.00000000000001
5300,804.169163866155,"{0: [0, 0, 0, 0, 0, 0, 0, 0, 0, 0, 2, 2, 6, 10, 6, 28, 134, 183, 130, 35, 18, 5, 1, 0, 0, 0, 0, 0, 0, 0]}",[804.169163866155],"{'state': array([[ 0.0000000e+00,  0.0000000e+00,  0.0000000e+00,  0.0000000e+00,
         0.0000000e+00],
       [-1.8791163e-02, -9.9996614e-01,  8.2318913e-03, -1.6491075e-01,
        -2.5692967e-01],
       [ 4.3368563e-02, -9.9679017e-01, -8.0058590e-02,  7.8426039e-01,
         1.0942072e+00],
       [ 2.5572541e-01, -9.4166803e-01, -3.3654323e-01,  1.5679034e+00,
         1.6964837e+00],
       [ 5.8359993e-01, -8.1119782e-01, -5.8477187e-01,  2.2839341e+00,
         1.4815075e+00],
       [ 1.0771600e+00, -6.9294256e-01, -7.2099280e-01,  2.9115729e+00,
         3.3963469e-01],
       [ 1.6932669e+00, -7.3408431e-01, -6.7905831e-01,  3.5733931e+00,
        -9.3270892e-01],
       [ 1.8615677e+00, -9.3486959e-01,  3.5499132e-01, -5.6249863e-01,
        -6.9030089e+00],
       [ 1.7810746e+00, -4.5781156e-01,  8.8904923e-01, -8.8224941e-01,
        -6.2122560e+00],
       [ 1.6194923e+00,  3.0268520e-01,  9.5309061e-01, -1.3057880e+00,
        -4.1320701e+00],
       [ 1.3718604e+00,  8.1704777e-01,  5.7657003e-01, -9.7018594e-01,
        -1.9916440e+00],
       [ 1.2222680e+00,  9.4360542e-01,  3.3107218e-01, -6.9037479e-01,
        -1.2031220e+00],
       [ 1.1101143e+00,  9.8862630e-01,  1.5039292e-01, -4.8692554e-01,
        -8.4813201e-01],
       [ 9.9924564e-01,  9.9833310e-01,  5.7714954e-02, -7.4323964e-01,
        -2.2919160e-01],
       [ 8.6551380e-01,  9.9963272e-01,  2.7100602e-02, -7.4203765e-01,
        -1.2529597e-01],
       [ 7.1071947e-01,  9.9956137e-01,  2.9615335e-02, -8.8742882e-01,
         1.5298469e-01],
       [ 5.6140107e-01,  9.9920779e-01,  3.9797191e-02, -6.8457288e-01,
        -4.0800530e-02],
       [ 4.2473030e-01,  9.9863684e-01,  5.2196722e-02, -7.5433367e-01,
         1.7743093e-01],
       [ 3.2854640e-01,  9.9888492e-01,  4.7210950e-02, -3.7714535e-01,
        -2.3833777e-01],
       [ 2.2790968e-01,  9.9848986e-01,  5.4936130e-02, -6.8234646e-01,
         3.2344839e-01],
       [ 1.6043787e-01,  9.9889445e-01,  4.7009144e-02, -6.7174204e-02,
        -4.1533631e-01],
       [ 9.0356380e-02,  9.9863166e-01,  5.2295260e-02, -6.0038024e-01,
         4.6850574e-01],
       [ 6.0429521e-02,  9.9930382e-01,  3.7308156e-02,  2.6818445e-01,
        -6.4224356e-01],
       [ 5.1041082e-02,  9.9999106e-01,  4.2242785e-03, -3.6131516e-01,
         2.9458949e-01],
       [ 2.8546713e-03,  9.9932146e-01,  3.6832191e-02, -1.7477390e-01,
         8.2782552e-02],
       [-2.0625992e-02,  9.9876529e-01,  4.9678091e-02, -8.6391397e-02,
         6.5979406e-02],
       [ 4.3778443e-03,  9.9992436e-01,  1.2296894e-02,  3.8130382e-01,
        -5.2234054e-01],
       [ 1.1291085e-02,  9.9997014e-01,  7.7248877e-03, -3.1205568e-01,
         4.7428030e-01],
       [ 2.3283707e-02,  9.9999809e-01, -1.9653321e-03,  4.4549927e-01,
        -5.8639228e-01],
       [ 5.2071743e-02,  9.9924690e-01, -3.8802974e-02, -1.5673989e-01,
         1.9902664e-01],
       [ 9.1369376e-03,  9.9993950e-01,  1.1001941e-02, -2.7375326e-01,
         3.2442322e-01],
       [-2.4748088e-03,  9.9980682e-01,  1.9654455e-02,  1.2843838e-01,
        -2.1269841e-01],
       [ 1.5458697e-02,  9.9995929e-01, -9.0223895e-03,  7.1418837e-02,
        -1.1907472e-01],
       [ 2.7338421e-02,  9.9946040e-01, -3.2846648e-02,  6.1072845e-02,
        -1.5661028e-01],
       [ 1.1535222e-02,  9.9947923e-01, -3.2269150e-02, -2.2743072e-01,
         1.6296586e-01],
       [-5.5859338e-02,  9.9949348e-01,  3.1824097e-02, -5.2271557e-01,
         5.7864100e-01],
       [-7.5208709e-02,  9.9926466e-01,  3.8343109e-02,  3.0756605e-01,
        -5.0308925e-01],
       [-6.9959678e-02,  9.9966335e-01,  2.5944704e-02, -2.5204292e-01,
         3.6656553e-01],
       [-5.1079158e-02,  9.9998873e-01,  4.7443090e-03,  4.7458515e-01,
        -6.2527728e-01],
       [-2.2907315e-02,  9.9959201e-01, -2.8562360e-02, -1.7728658e-01,
         2.5842312e-01],
       [-3.0199761e-02,  9.9974185e-01, -2.2721680e-02,  9.6135899e-02,
        -1.9083582e-01],
       [-4.2000592e-02,  9.9977905e-01, -2.1019651e-02, -2.2728741e-01,
         2.1052742e-01],
       [-7.7625021e-02,  9.9997723e-01,  6.7500980e-03, -1.6911668e-01,
         1.1075322e-01],
       [-1.0331164e-01,  9.9971879e-01,  2.3712784e-02, -1.3341299e-01,
         9.6176937e-02],
       [-1.2649010e-01,  9.9889261e-01,  4.7049064e-02, -1.3973084e-01,
         1.8863909e-01],
       [-1.0780994e-01,  9.9965733e-01,  2.6175631e-02,  3.7362936e-01,
        -4.5836473e-01],
       [-7.7039033e-02,  1.0000000e+00, -7.6610493e-05, -4.9149431e-02,
         1.6933738e-01],
       [-8.2522243e-02,  9.9968505e-01,  2.5096307e-02, -1.9856839e-02,
         1.5562047e-01],
       [-6.0896613e-02,  9.9982172e-01,  1.8882859e-02,  2.9029012e-01,
        -2.3584792e-01],
       [-3.6844734e-02,  9.9978906e-01,  2.0538306e-02, -2.3076344e-02,
         2.5499311e-01],
       [-1.5949314e-03,  9.9995935e-01,  9.0136137e-03,  4.6390995e-01,
        -4.0378824e-01],
       [ 7.3320903e-02,  9.9865609e-01, -5.1826160e-02,  3.2601106e-01,
        -2.6629257e-01],
       [ 4.3602519e-02,  9.9979746e-01,  2.0125562e-02, -6.1081004e-01,
         9.9058604e-01],
       [ 2.4632597e-02,  9.9686068e-01,  7.9175502e-02,  3.9866674e-01,
        -3.0547512e-01],
       [ 1.1249599e-01,  9.9994701e-01,  1.0294011e-02,  6.3638008e-01,
        -5.3586650e-01],
       [ 1.8502529e-01,  9.9971640e-01, -2.3814274e-02,  1.2784742e-01,
         1.6026521e-01]], dtype=float32), 'action': array([-0.12849107,  0.4883693 ,  0.4648733 ,  0.47504947,  0.38893268,
        0.4075325 , -0.23774557, -0.4838497 , -0.44714084,  0.1591868 ,
        0.1846207 ,  0.1255671 , -0.13973175,  0.00357406, -0.07689438,
        0.11230663, -0.0346881 ,  0.23182121, -0.16195789,  0.3554244 ,
       -0.2582974 ,  0.4999573 , -0.32281756,  0.10809905,  0.05353755,
        0.2853337 , -0.3564318 ,  0.43349087, -0.31159264, -0.06122991,
        0.25971997, -0.03224064, -0.00735969, -0.1586271 , -0.16892985,
        0.47735932, -0.3011101 ,  0.44100863, -0.3541397 ,  0.15461437,
       -0.18650454,  0.0327686 ,  0.0226654 , -0.00138071,  0.33273354,
       -0.22824423,  0.01970676,  0.20100226, -0.17786324,  0.31422937,
       -0.0761892 , -0.4608105 ,  0.5809277 ,  0.14703676, -0.27607724,
        0.18133485], dtype=float32), 'dt': array([13, 20, 18, 17, 19, 19, 22, 11, 15, 22, 18, 19, 18, 18, 19, 19, 19,
       17, 19, 18, 21, 18, 20, 18, 18, 17, 20, 18, 20, 20, 16, 18, 18, 19,
       18, 18, 19, 17, 19, 18, 18, 18, 17, 17, 16, 19, 16, 16, 18, 16, 19,
       21, 18, 17, 19, 19], dtype=int32), 'latent_action': array([[ 0.7526336 ,  0.7493608 ],
       [-0.7775356 , -0.7708982 ],
       [-0.74176687, -0.7753005 ],
       [-0.79509956, -0.7786446 ],
       [-0.7370436 , -0.73686135],
       [-0.7608863 , -0.765291  ],
       [ 0.80746484, -0.54076874],
       [ 0.7753162 ,  0.73973477],
       [ 0.78307974,  0.30002484],
       [ 0.07763553, -0.7608632 ],
       [-0.1290487 , -0.7256244 ],
       [-0.02303509, -0.7637217 ],
       [ 0.37610337, -0.7441466 ],
       [ 0.20007518, -0.76064783],
       [ 0.3217507 , -0.7540221 ],
       [ 0.01768569, -0.7437297 ],
       [ 0.18673733, -0.7532753 ],
       [-0.09770957, -0.75286853],
       [ 0.3645692 , -0.7619385 ],
       [-0.3227819 , -0.7887754 ],
       [ 0.5208926 , -0.7872427 ],
       [-0.6987281 , -0.7591895 ],
       [ 0.74406964, -0.7749374 ],
       [-0.02947752, -0.7584963 ],
       [-0.11133096, -0.78606325],
       [-0.35288247, -0.7761648 ],
       [ 0.66556525, -0.7569543 ],
       [-0.60278857, -0.79135066],
       [ 0.74670947, -0.7944993 ],
       [ 0.19965391, -0.7528845 ],
       [-0.30093718, -0.74264383],
       [ 0.3820705 , -0.7576578 ],
       [ 0.30491668, -0.7648429 ],
       [ 0.5398011 , -0.78156024],
       [ 0.3023779 , -0.74763346],
       [-0.7351551 , -0.75693655],
       [ 0.49089772, -0.7503288 ],
       [-0.49529424, -0.72745484],
       [ 0.7792201 , -0.7644811 ],
       [ 0.05191441, -0.75374573],
       [ 0.5480913 , -0.754768  ],
       [ 0.17201106, -0.7685603 ],
       [ 0.10444115, -0.74904746],
       [ 0.06776468, -0.764758  ],
       [-0.3524278 , -0.73433805],
       [ 0.5472734 , -0.73900914],
       [ 0.08874015, -0.768335  ],
       [-0.10387645, -0.79348046],
       [ 0.3202815 , -0.75291145],
       [-0.4439457 , -0.74708277],
       [ 0.40791714, -0.75836056],
       [ 0.7270274 , -0.74627113],
       [-0.7538933 , -0.7768351 ],
       [-0.07955108, -0.76518524],
       [ 0.6360613 , -0.7217618 ],
       [-0.14615194, -0.7731451 ]], dtype=float32), 'hybrid_action': array([[-0.12849107, -0.14095375],
       [ 0.4883693 ,  0.32681102],
       [ 0.4648733 ,  0.1487403 ],
       [ 0.47504947,  0.13614245],
       [ 0.38893268,  0.20853254],
       [ 0.4075325 ,  0.24131909],
       [-0.23774557,  0.4195091 ],
       [-0.4838497 , -0.3048469 ],
       [-0.44714084, -0.06821203],
       [ 0.1591868 ,  0.42246434],
       [ 0.1846207 ,  0.20096733],
       [ 0.1255671 ,  0.21864185],
       [-0.13973175,  0.17526983],
       [ 0.00357406,  0.20535833],
       [-0.07689438,  0.21946324],
       [ 0.11230663,  0.23276027],
       [-0.0346881 ,  0.21266893],
       [ 0.23182121,  0.10736664],
       [-0.16195789,  0.23920165],
       [ 0.3554244 ,  0.15216851],
       [-0.2582974 ,  0.3458105 ],
       [ 0.4999573 ,  0.15753503],
       [-0.32281756,  0.3368449 ],
       [ 0.10809905,  0.13876747],
       [ 0.05353755,  0.19726633],
       [ 0.2853337 ,  0.13427995],
       [-0.3564318 ,  0.2778834 ],
       [ 0.43349087,  0.15052128],
       [-0.31159264,  0.29346108],
       [-0.06122991,  0.2778716 ],
       [ 0.25971997,  0.06285755],
       [-0.03224064,  0.18273208],
       [-0.00735969,  0.16776954],
       [-0.1586271 ,  0.25086865],
       [-0.16892985,  0.19018362],
       [ 0.47735932,  0.18077564],
       [-0.3011101 ,  0.22624247],
       [ 0.44100863,  0.072901  ],
       [-0.3541397 ,  0.22975834],
       [ 0.15461437,  0.18434168],
       [-0.18650454,  0.17846538],
       [ 0.0327686 ,  0.14394931],
       [ 0.0226654 ,  0.11946041],
       [-0.00138071,  0.10813017],
       [ 0.33273354,  0.03636906],
       [-0.22824423,  0.2695324 ],
       [ 0.01970676,  0.04285313],
       [ 0.20100226,  0.03752344],
       [-0.17786324,  0.13800882],
       [ 0.31422937,  0.06144002],
       [-0.0761892 ,  0.23879677],
       [-0.4608105 ,  0.3462783 ],
       [ 0.5809277 ,  0.18002221],
       [ 0.14703676,  0.11002889],
       [-0.27607724,  0.26457173],
       [ 0.18133485,  0.21714391]], dtype=float32)}",8.103307659155469,56.00000000000001
5350,807.8080671636233,"{0: [0, 0, 0, 0, 0, 0, 0, 0, 0, 0, 2, 3, 9, 10, 9, 34, 135, 181, 111, 55, 14, 1, 0, 0, 0, 0, 0, 0, 0, 0]}",[807.8080671636233],"{'state': array([[ 0.00000000e+00,  0.00000000e+00,  0.00000000e+00,
         0.00000000e+00,  0.00000000e+00],
       [-1.96126308e-02, -9.99471128e-01,  3.25179622e-02,
        -1.39427707e-01, -1.68360010e-01],
       [ 4.46662419e-02, -9.97235239e-01, -7.43089691e-02,
         7.79557109e-01,  1.18160856e+00],
       [ 2.59053171e-01, -9.36852694e-01, -3.49724174e-01,
         1.59440184e+00,  1.81829393e+00],
       [ 6.14764214e-01, -7.83800423e-01, -6.21012807e-01,
         2.35187554e+00,  1.50240183e+00],
       [ 1.13585901e+00, -6.53680444e-01, -7.56770670e-01,
         3.13357401e+00,  3.93185019e-01],
       [ 1.86023951e+00, -7.22368181e-01, -6.91508651e-01,
         2.34596133e+00, -2.72757673e+00],
       [ 1.86518776e+00, -9.67955351e-01,  2.51122355e-01,
        -6.88924253e-01, -7.07712841e+00],
       [ 1.74792027e+00, -4.12741512e-01,  9.10848200e-01,
        -1.08417273e+00, -6.34049416e+00],
       [ 1.53175461e+00,  4.38126087e-01,  8.98913503e-01,
        -1.50620103e+00, -3.92085528e+00],
       [ 1.26145470e+00,  8.28760207e-01,  5.59603870e-01,
        -1.51405191e+00, -2.02715540e+00],
       [ 9.64736879e-01,  9.51338828e-01,  3.08146715e-01,
        -1.45201719e+00, -9.02900517e-01],
       [ 6.78383350e-01,  9.79611814e-01,  2.00899765e-01,
        -1.40961504e+00, -2.60699779e-01],
       [ 4.51337785e-01,  9.92473483e-01,  1.22459911e-01,
        -8.58907640e-01, -5.76062918e-01],
       [ 2.46181265e-01,  9.93163824e-01,  1.16728693e-01,
        -1.42050481e+00,  5.09402156e-01],
       [ 5.03034592e-02,  9.91586626e-01,  1.29444852e-01,
        -5.38629115e-01, -3.74371350e-01],
       [-3.49444784e-02,  9.97501016e-01,  7.06524700e-02,
        -4.07365710e-01, -3.09338659e-01],
       [-1.33974567e-01,  9.97773290e-01,  6.66964725e-02,
        -6.92886829e-01,  2.63484895e-01],
       [-2.17285201e-01,  9.97464538e-01,  7.11654201e-02,
        -2.32891813e-01, -2.11612388e-01],
       [-2.70256639e-01,  9.98198986e-01,  5.99897914e-02,
        -3.24462265e-01,  8.83465856e-02],
       [-3.16379786e-01,  9.97333288e-01,  7.29819685e-02,
        -1.88290462e-01,  6.23122677e-02],
       [-3.22371304e-01,  9.98155713e-01,  6.07054941e-02,
         1.18046910e-01, -2.12444752e-01],
       [-2.95600265e-01,  9.99646008e-01,  2.66048815e-02,
         1.64497480e-01, -1.63342670e-01],
       [-2.87331998e-01,  9.99474049e-01,  3.24291773e-02,
        -6.73327371e-02,  2.34397471e-01],
       [-2.83188492e-01,  9.98436511e-01,  5.58976158e-02,
         1.18683860e-01,  6.88764751e-02],
       [-2.31317222e-01,  9.99471545e-01,  3.25053409e-02,
         4.92035687e-01, -3.54589432e-01],
       [-1.59906030e-01,  9.99998569e-01,  1.70281762e-03,
         2.60333359e-01,  1.54480757e-02],
       [-9.30089504e-02,  9.99773443e-01, -2.12838855e-02,
         4.44345444e-01, -2.68512934e-01],
       [-3.98610048e-02,  9.99394476e-01, -3.47951092e-02,
         1.15413174e-01,  1.19661145e-01],
       [-1.67181399e-02,  9.99722183e-01, -2.35705581e-02,
         1.41496941e-01,  1.02457302e-02],
       [ 4.68627969e-03,  9.99777436e-01, -2.10967455e-02,
         9.62790921e-02,  1.83801278e-02],
       [ 5.37781091e-03,  9.99996424e-01,  2.68509705e-03,
        -8.90887529e-02,  2.56776750e-01],
       [ 1.77467428e-02,  9.99977827e-01,  6.65627373e-03,
         2.43622124e-01, -2.05507487e-01],
       [ 6.51902482e-02,  9.99311030e-01, -3.71143408e-02,
         2.84432262e-01, -3.00951302e-01],
       [ 5.67542501e-02,  9.99898970e-01, -1.42138228e-02,
        -3.69327188e-01,  5.41789949e-01],
       [ 3.69343571e-02,  9.99862075e-01,  1.66088026e-02,
         1.48456499e-01, -1.85149372e-01],
       [ 6.40227497e-02,  9.99886513e-01, -1.50634488e-02,
         1.23157352e-01, -1.47665411e-01],
       [ 6.29952028e-02,  9.99923646e-01, -1.23550193e-02,
        -1.34029493e-01,  1.77482471e-01],
       [ 5.11372201e-02,  1.00000000e+00,  2.12741521e-04,
         8.93115532e-03, -3.91182005e-02],
       [ 4.90745790e-02,  9.99997854e-01, -2.07454991e-03,
        -3.05923410e-02,  1.39361182e-02],
       [ 3.55189256e-02,  9.99927044e-01,  1.20800752e-02,
        -1.12407677e-01,  1.41893148e-01],
       [ 1.54125318e-02,  9.99102354e-01,  4.23611291e-02,
        -1.11623950e-01,  2.08559543e-01],
       [ 3.20759490e-02,  9.99370575e-01,  3.54748406e-02,
         3.07798356e-01, -2.92643130e-01],
       [ 9.14868265e-02,  9.99821663e-01, -1.88850202e-02,
         3.53446126e-01, -3.36331785e-01],
       [ 1.18338421e-01,  9.99488294e-01, -3.19876149e-02,
        -7.04976693e-02,  1.91979513e-01],
       [ 1.06827326e-01,  9.99989212e-01, -4.64315945e-03,
        -6.54631704e-02,  1.41614676e-01],
       [ 1.08801104e-01,  9.99999940e-01,  2.77477666e-04,
         8.85852054e-02, -8.15918446e-02],
       [ 1.36663929e-01,  9.99415219e-01, -3.41939032e-02,
         2.60329306e-01, -3.63400996e-01],
       [ 1.17606945e-01,  9.99884009e-01, -1.52315237e-02,
        -4.51340407e-01,  5.62822938e-01],
       [ 8.29501674e-02,  9.99782443e-01,  2.08595265e-02,
         1.74551159e-02, -9.69027579e-02],
       [ 8.30848143e-02,  9.99927998e-01,  1.19979633e-02,
        -1.56966448e-02, -1.11993896e-02],
       [ 8.32486376e-02,  9.99966562e-01,  8.17557145e-03,
         1.75959729e-02, -3.30233537e-02],
       [ 8.49134549e-02,  9.99981880e-01,  6.02335902e-03,
         9.46986605e-04,  8.12362228e-03],
       [ 8.85210931e-02,  9.99992669e-01,  3.82805918e-03,
         3.91830131e-02, -3.35204117e-02],
       [ 7.74752870e-02,  9.99667704e-01,  2.57781148e-02,
        -1.62364259e-01,  2.87467927e-01],
       [ 9.56698060e-02,  9.99898136e-01,  1.42724765e-02,
         3.76641959e-01, -4.27869856e-01]], dtype=float32), 'action': array([-0.11001016,  0.4717924 ,  0.48343325,  0.4776075 ,  0.4769248 ,
        0.43046758, -0.35398594, -0.49730763, -0.40063524, -0.00382274,
        0.05457144,  0.03833909,  0.29492372, -0.31332064,  0.46305415,
        0.08193328, -0.15863864,  0.26791897, -0.04515306,  0.08247992,
        0.19015186,  0.02818285, -0.13831244,  0.12271566,  0.22914964,
       -0.12439176,  0.09907987, -0.18020889,  0.01290913, -0.02740127,
       -0.10665794,  0.21429639,  0.02230712, -0.33850783,  0.29622734,
       -0.01297088, -0.14034219,  0.07706391, -0.0214864 , -0.04400332,
        0.00232029,  0.25666547,  0.02669534, -0.23153532,  0.00177576,
        0.09311409,  0.10928287, -0.36827445,  0.30167237, -0.01893101,
        0.01973932, -0.00903098,  0.02221069, -0.11425716,  0.32773882,
       -0.16002132], dtype=float32), 'dt': array([14, 20, 18, 18, 19, 21, 17, 13, 17, 18, 20, 20, 20, 18, 20, 18, 18,
       18, 19, 18, 17, 19, 17, 16, 17, 19, 19, 19, 18, 18, 18, 16, 18, 20,
       18, 20, 19, 19, 19, 19, 18, 17, 18, 19, 17, 17, 16, 20, 16, 17, 18,
       18, 18, 18, 17, 18], dtype=int32), 'latent_action': array([[ 0.7812366 ,  0.74731493],
       [-0.76684517, -0.7417211 ],
       [-0.73900414, -0.7327453 ],
       [-0.7534522 , -0.73111963],
       [-0.76274204, -0.79565984],
       [-0.7828562 , -0.71125644],
       [ 0.7398858 ,  0.06573906],
       [ 0.7590349 ,  0.640499  ],
       [ 0.76867557,  0.06015784],
       [ 0.24048842, -0.32617164],
       [ 0.21756028, -0.76022786],
       [ 0.12664415, -0.7628511 ],
       [-0.09638076, -0.7781886 ],
       [ 0.5031676 , -0.75693595],
       [-0.6911    , -0.7581614 ],
       [ 0.16082592, -0.7594456 ],
       [ 0.42189115, -0.73871684],
       [-0.12160282, -0.7741387 ],
       [ 0.3028045 , -0.778018  ],
       [ 0.08077466, -0.7581524 ],
       [ 0.01955269, -0.7599132 ],
       [ 0.2397556 , -0.7618196 ],
       [ 0.3201287 , -0.73939264],
       [-0.12980533, -0.7361789 ],
       [-0.22696671, -0.75921583],
       [ 0.3907852 , -0.78110135],
       [ 0.06343828, -0.76581407],
       [ 0.5349562 , -0.7288568 ],
       [ 0.22241509, -0.73657584],
       [ 0.19332464, -0.7340082 ],
       [ 0.28064445, -0.7404363 ],
       [-0.24703553, -0.77910537],
       [ 0.26352015, -0.76293206],
       [ 0.67728627, -0.7250867 ],
       [-0.33570483, -0.76413393],
       [ 0.29445365, -0.794379  ],
       [ 0.38280225, -0.73702735],
       [ 0.06404675, -0.7525356 ],
       [ 0.2125903 , -0.7626001 ],
       [ 0.2156152 , -0.75835556],
       [ 0.07208978, -0.7619308 ],
       [-0.43385118, -0.7773377 ],
       [ 0.11192044, -0.7343023 ],
       [ 0.56476754, -0.74751085],
       [ 0.12636863, -0.7666709 ],
       [ 0.01183706, -0.79227275],
       [ 0.10566129, -0.7765362 ],
       [ 0.736346  , -0.7544112 ],
       [-0.36110607, -0.7655147 ],
       [ 0.12882984, -0.77362365],
       [ 0.08997342, -0.7529112 ],
       [ 0.21497098, -0.72238654],
       [ 0.18095192, -0.7829202 ],
       [ 0.22882964, -0.75307536],
       [-0.39197978, -0.760764  ],
       [ 0.47952273, -0.7638311 ]], dtype=float32), 'hybrid_action': array([[-0.11001016, -0.08419052],
       [ 0.4717924 ,  0.29200938],
       [ 0.48343325,  0.18329415],
       [ 0.4776075 ,  0.1433088 ],
       [ 0.4769248 ,  0.21484521],
       [ 0.43046758,  0.34704018],
       [-0.35398594,  0.08664266],
       [-0.49730763, -0.18843272],
       [-0.40063524,  0.10377834],
       [-0.00382274,  0.15093842],
       [ 0.05457144,  0.28577882],
       [ 0.03833909,  0.3156392 ],
       [ 0.29492372,  0.31131446],
       [-0.31332064,  0.19027983],
       [ 0.46305415,  0.32800448],
       [ 0.08193328,  0.16981676],
       [-0.15863864,  0.14915128],
       [ 0.26791897,  0.15357022],
       [-0.04515306,  0.2115803 ],
       [ 0.08247992,  0.15531474],
       [ 0.19015186,  0.13202782],
       [ 0.02818285,  0.25691634],
       [-0.13831244,  0.10890546],
       [ 0.12271566,  0.03511905],
       [ 0.22914964,  0.09339564],
       [-0.12439176,  0.22210106],
       [ 0.09907987,  0.24769543],
       [-0.18020889,  0.26770738],
       [ 0.01290913,  0.1889055 ],
       [-0.02740127,  0.14780766],
       [-0.10665794,  0.20426187],
       [ 0.21429639,  0.05434181],
       [ 0.02230712,  0.14743364],
       [-0.33850783,  0.29429832],
       [ 0.29622734,  0.15433522],
       [-0.01297088,  0.33587295],
       [-0.14034219,  0.24243277],
       [ 0.07706391,  0.20818737],
       [-0.0214864 ,  0.2217784 ],
       [-0.04400332,  0.24504776],
       [ 0.00232029,  0.16015603],
       [ 0.25666547,  0.11995022],
       [ 0.02669534,  0.15746666],
       [-0.23153532,  0.25984943],
       [ 0.00177576,  0.13785937],
       [ 0.09311409,  0.10573816],
       [ 0.10928287,  0.06793743],
       [-0.36827445,  0.29430565],
       [ 0.30167237,  0.03899904],
       [-0.01893101,  0.09515546],
       [ 0.01973932,  0.18536739],
       [-0.00903098,  0.1499197 ],
       [ 0.02221069,  0.16451205],
       [-0.11425716,  0.13829309],
       [ 0.32773882,  0.11850215],
       [-0.16002132,  0.18302234]], dtype=float32)}",5.747671446896397,56.400000000000006
5400,800.5601603276216,"{0: [0, 0, 0, 0, 0, 0, 0, 0, 0, 0, 4, 3, 6, 8, 8, 17, 136, 192, 118, 45, 20, 4, 0, 0, 0, 0, 0, 0, 0, 0]}",[800.5601603276216],"{'state': array([[ 0.00000000e+00,  0.00000000e+00,  0.00000000e+00,
         0.00000000e+00,  0.00000000e+00],
       [-1.84251778e-02, -9.98832047e-01,  4.83166352e-02,
        -2.61653274e-01, -3.28255743e-01],
       [-7.29990005e-03, -9.99947429e-01,  1.02564832e-02,
         3.84491444e-01,  7.33922422e-01],
       [ 1.43734500e-01, -9.73893702e-01, -2.27004454e-01,
         1.19869602e+00,  1.66095650e+00],
       [ 4.56678569e-01, -8.39080155e-01, -5.44007838e-01,
         2.08574438e+00,  1.79481888e+00],
       [ 9.25966322e-01, -6.69550657e-01, -7.42766380e-01,
         2.85299325e+00,  8.38624895e-01],
       [ 1.53318644e+00, -6.52133226e-01, -7.58104384e-01,
         3.53906894e+00, -6.03952289e-01],
       [ 1.88491714e+00, -9.96446848e-01, -8.42240676e-02,
        -4.25697356e-01, -6.87907076e+00],
       [ 1.79601860e+00, -6.73831999e-01,  7.38884628e-01,
        -8.87460768e-01, -6.84060812e+00],
       [ 1.62792850e+00,  2.02410981e-01,  9.79300678e-01,
        -1.24250484e+00, -4.79054546e+00],
       [ 1.45675838e+00,  6.21833444e-01,  7.83149540e-01,
        -1.62995851e+00, -3.00344443e+00],
       [ 1.14355028e+00,  8.88817012e-01,  4.58262324e-01,
        -1.50872123e+00, -1.39072442e+00],
       [ 8.90712738e-01,  9.64656055e-01,  2.63512343e-01,
        -1.14974523e+00, -9.11835074e-01],
       [ 6.81993902e-01,  9.90872025e-01,  1.34805724e-01,
        -1.04484451e+00, -5.34025729e-01],
       [ 4.21615303e-01,  9.90639091e-01,  1.36507109e-01,
        -1.55896437e+00,  5.52011013e-01],
       [ 2.10821941e-01,  9.87374544e-01,  1.58403084e-01,
        -6.60504282e-01, -3.07521582e-01],
       [ 1.16980746e-01,  9.94010270e-01,  1.09286942e-01,
        -4.42547470e-01, -2.97212124e-01],
       [ 3.51589732e-02,  9.96681809e-01,  8.13962296e-02,
        -4.66024816e-01, -2.68356726e-02],
       [-2.00830847e-02,  9.98326778e-01,  5.78240640e-02,
        -1.83409005e-01, -2.61490881e-01],
       [-6.60890266e-02,  9.99168217e-01,  4.07785736e-02,
        -3.27419966e-01,  6.40958697e-02],
       [-1.04753166e-01,  9.99478936e-01,  3.22776288e-02,
        -1.02005586e-01, -1.62521601e-01],
       [-1.54476300e-01,  9.98420417e-01,  5.61844409e-02,
        -4.50945616e-01,  4.39249843e-01],
       [-1.76336035e-01,  9.97863591e-01,  6.53323308e-02,
         1.93568930e-01, -3.27340454e-01],
       [-1.63468525e-01,  9.98655915e-01,  5.18297441e-02,
        -5.78337424e-02,  1.78497821e-01],
       [-1.27660170e-01,  9.99651313e-01,  2.64044311e-02,
         4.79623020e-01, -4.89023536e-01],
       [-6.21538125e-02,  9.99467611e-01, -3.26258875e-02,
         2.92195410e-01, -2.31107637e-01],
       [-3.94006036e-02,  9.99162138e-01, -4.09276634e-02,
        -2.43391879e-02,  1.29743546e-01],
       [-4.64940444e-02,  9.99768734e-01, -2.15054471e-02,
        -5.48796877e-02,  9.50616375e-02],
       [-5.16940393e-02,  9.99886274e-01, -1.50823426e-02,
        -6.42332621e-03, -1.67039670e-02],
       [-5.75731881e-02,  9.99900460e-01, -1.41088329e-02,
        -6.27615526e-02,  2.85785533e-02],
       [-8.63067582e-02,  9.99893963e-01,  1.45611605e-02,
        -2.57093102e-01,  3.03110212e-01],
       [-1.03109077e-01,  9.99484897e-01,  3.20934579e-02,
         5.90643324e-02, -8.91524106e-02],
       [-9.00201127e-02,  9.99823213e-01,  1.88016575e-02,
         8.66444707e-02, -6.46694973e-02],
       [-5.46330847e-02,  9.99813259e-01, -1.93250719e-02,
         3.07332397e-01, -3.76437783e-01],
       [-5.18152416e-02,  9.99840915e-01, -1.78380497e-02,
        -2.79179484e-01,  3.92056614e-01],
       [-6.81531727e-02,  9.99996841e-01,  2.52072210e-03,
         8.65656734e-02, -1.43721208e-01],
       [-5.63949384e-02,  9.99820054e-01, -1.89714637e-02,
         4.45290245e-02, -1.04935393e-01],
       [-6.43034652e-02,  9.99825239e-01, -1.86944176e-02,
        -1.37573436e-01,  1.08311497e-01],
       [-1.03362039e-01,  9.99784827e-01,  2.07446776e-02,
        -3.22709233e-01,  3.72769356e-01],
       [-1.16740435e-01,  9.99543488e-01,  3.02125178e-02,
         1.65118158e-01, -2.57197142e-01],
       [-9.89203453e-02,  9.99983966e-01,  5.66371251e-03,
         3.33917476e-02, -2.68424433e-02],
       [-1.04609296e-01,  9.99807537e-01,  1.96194109e-02,
        -9.68894586e-02,  1.88298881e-01],
       [-9.15946662e-02,  9.99909759e-01,  1.34349335e-02,
         2.50121117e-01, -2.63748765e-01],
       [-6.96407631e-02,  9.99999821e-01,  5.46121213e-04,
        -5.91788581e-03,  1.14632808e-01],
       [-5.84926419e-02,  9.99990463e-01,  4.36379993e-03,
         1.29704371e-01, -7.04624131e-02],
       [-3.11276838e-02,  9.99896526e-01, -1.43834725e-02,
         1.74739629e-01, -1.46426305e-01],
       [-1.39447609e-02,  9.99697447e-01, -2.45962404e-02,
         1.63977146e-02,  2.82402057e-02],
       [-2.50871517e-02,  9.99993443e-01, -3.61911766e-03,
        -1.40637726e-01,  2.14480653e-01],
       [-3.63599844e-02,  9.99875069e-01,  1.58061516e-02,
         1.49770025e-02,  1.02662640e-02],
       [-1.61145888e-02,  9.99983490e-01, -5.74785797e-03,
         2.23625854e-01, -2.73182839e-01],
       [-3.45049798e-03,  9.99833882e-01, -1.82281844e-02,
        -9.00388062e-02,  1.35749891e-01],
       [ 1.66968966e-03,  9.99587774e-01, -2.87094265e-02,
         1.47141352e-01, -2.57017344e-01],
       [-2.20027398e-02,  9.99923825e-01, -1.23408549e-02,
        -3.84242743e-01,  4.29102898e-01],
       [-6.53988123e-02,  9.99553621e-01,  2.98757087e-02,
        -1.27134070e-01,  8.59252214e-02],
       [-6.58450872e-02,  9.99802470e-01,  1.98744498e-02,
         1.22079566e-01, -2.07966238e-01],
       [-5.40719517e-02,  1.00000000e+00, -1.98242342e-04,
         9.15089250e-03, -2.42639594e-02],
       [-4.56403494e-02,  9.99883235e-01, -1.52828526e-02,
         8.48457217e-02, -1.50250852e-01]], dtype=float32), 'action': array([-0.19817707,  0.36537609,  0.44816577,  0.5165735 ,  0.46917537,
        0.42250252, -0.25502005, -0.47711122, -0.4184916 , -0.39265308,
        0.08239073,  0.21714307,  0.06989962, -0.25593117,  0.4977245 ,
        0.14124466, -0.00690651,  0.17596142, -0.07898904,  0.1314514 ,
       -0.1965607 ,  0.3945266 , -0.13225871,  0.32815576, -0.11367305,
       -0.19420336, -0.01962659,  0.02806607, -0.03512418, -0.11114108,
        0.19303267,  0.01753729,  0.12621608, -0.3033718 ,  0.2208975 ,
       -0.0246079 , -0.11156248, -0.11202887,  0.29712647, -0.07409903,
       -0.07364275,  0.21124633, -0.14595224,  0.07774185,  0.02541944,
       -0.09190854, -0.09079566,  0.08942214,  0.12667747, -0.17083132,
        0.13403822, -0.27511764,  0.15625805,  0.15261422, -0.063907  ,
        0.04276115, -0.16223207], dtype=float32), 'dt': array([14, 18, 19, 19, 19, 19, 21, 13, 16, 12, 20, 19, 19, 20, 19, 17, 18,
       17, 18, 18, 18, 17, 19, 17, 17, 17, 18, 17, 17, 18, 17, 18, 18, 20,
       17, 18, 17, 17, 17, 18, 18, 17, 18, 18, 18, 18, 18, 18, 17, 19, 18,
       20, 17, 17, 18, 18, 18], dtype=int32), 'latent_action': array([[ 0.7402133 ,  0.72903967],
       [-0.75117517, -0.7456951 ],
       [-0.76001173, -0.7788175 ],
       [-0.7632093 , -0.714116  ],
       [-0.79166347, -0.76451844],
       [-0.7292423 , -0.72505915],
       [ 0.76519185, -0.56826544],
       [ 0.78741217,  0.6483756 ],
       [ 0.7639118 ,  0.05023217],
       [ 0.6976045 ,  0.7040952 ],
       [ 0.25894958, -0.7085425 ],
       [-0.07773405, -0.75699526],
       [ 0.28544247, -0.7747236 ],
       [ 0.4744517 , -0.7639364 ],
       [-0.7755388 , -0.7548023 ],
       [-0.08166048, -0.7409364 ],
       [ 0.19074629, -0.75854206],
       [ 0.01724278, -0.7751105 ],
       [ 0.29748124, -0.74961805],
       [ 0.05990862, -0.76615345],
       [ 0.25418824, -0.7681154 ],
       [-0.70669353, -0.74143684],
       [ 0.24648683, -0.7090131 ],
       [-0.45169947, -0.7190599 ],
       [ 0.467894  , -0.7505186 ],
       [ 0.49072805, -0.7651906 ],
       [ 0.20557569, -0.71553516],
       [ 0.14472702, -0.73072726],
       [ 0.2892471 , -0.70890236],
       [ 0.27268335, -0.76531994],
       [-0.21544307, -0.76858735],
       [ 0.18062346, -0.75798386],
       [ 0.12435222, -0.7750801 ],
       [ 0.63155967, -0.7390454 ],
       [-0.19459346, -0.7280315 ],
       [ 0.300042  , -0.76699084],
       [ 0.31238967, -0.73832047],
       [ 0.2772182 , -0.7665062 ],
       [-0.4411632 , -0.7880277 ],
       [ 0.2907063 , -0.7843607 ],
       [ 0.28310308, -0.77559125],
       [-0.15887369, -0.7812641 ],
       [ 0.27223346, -0.7891996 ],
       [-0.00189027, -0.7386569 ],
       [ 0.13822392, -0.76050556],
       [ 0.3467119 , -0.7641908 ],
       [ 0.2320718 , -0.7658215 ],
       [-0.03354052, -0.7778007 ],
       [ 0.00855531, -0.7466987 ],
       [ 0.3804584 , -0.7858915 ],
       [ 0.01588822, -0.72848785],
       [ 0.55558634, -0.7470815 ],
       [-0.04893352, -0.7318861 ],
       [-0.09303142, -0.78051656],
       [ 0.22431147, -0.78776467],
       [ 0.1621451 , -0.7703328 ],
       [ 0.43972   , -0.7915912 ]], dtype=float32), 'hybrid_action': array([[-0.19817707, -0.09950507],
       [ 0.36537609,  0.20332527],
       [ 0.44816577,  0.26104492],
       [ 0.5165735 ,  0.21532823],
       [ 0.46917537,  0.21331586],
       [ 0.42250252,  0.20865957],
       [-0.25502005,  0.35055074],
       [-0.47711122, -0.19240971],
       [-0.4184916 ,  0.06466241],
       [-0.39265308, -0.2292808 ],
       [ 0.08239073,  0.27731398],
       [ 0.21714307,  0.25761175],
       [ 0.06989962,  0.23653255],
       [-0.25593117,  0.29441804],
       [ 0.4977245 ,  0.2233601 ],
       [ 0.14124466,  0.12725428],
       [-0.00690651,  0.15493867],
       [ 0.17596142,  0.08647096],
       [-0.07898904,  0.17496839],
       [ 0.1314514 ,  0.19565953],
       [-0.1965607 ,  0.20401663],
       [ 0.3945266 ,  0.09246922],
       [-0.13225871,  0.21401508],
       [ 0.32815576,  0.08782632],
       [-0.11367305,  0.12340526],
       [-0.19420336,  0.08318456],
       [-0.01962659,  0.1399769 ],
       [ 0.02806607,  0.11897448],
       [-0.03512418,  0.10755306],
       [-0.11114108,  0.18945874],
       [ 0.19303267,  0.08584576],
       [ 0.01753729,  0.16833735],
       [ 0.12621608,  0.15612522],
       [-0.3033718 ,  0.3388176 ],
       [ 0.2208975 ,  0.1005966 ],
       [-0.0246079 ,  0.19537248],
       [-0.11156248,  0.09066188],
       [-0.11202887,  0.092617  ],
       [ 0.29712647,  0.10130796],
       [-0.07409903,  0.19340435],
       [-0.07364275,  0.14320536],
       [ 0.21124633,  0.07411965],
       [-0.14595224,  0.20359269],
       [ 0.07774185,  0.14784697],
       [ 0.02541944,  0.1849399 ],
       [-0.09190854,  0.1889185 ],
       [-0.09079566,  0.17502114],
       [ 0.08942214,  0.14293796],
       [ 0.12667747,  0.09516991],
       [-0.17083132,  0.24524015],
       [ 0.13403822,  0.14388886],
       [-0.27511764,  0.27685213],
       [ 0.15625805,  0.09187281],
       [ 0.15261422,  0.12854579],
       [-0.063907  ,  0.1572805 ],
       [ 0.04276115,  0.15640815],
       [-0.16223207,  0.19853802]], dtype=float32)}",11.874436579946721,56.10000000000001
5450,799.6667901622423,"{0: [0, 0, 0, 0, 0, 0, 0, 0, 0, 0, 2, 5, 4, 8, 8, 26, 133, 193, 121, 40, 17, 2, 3, 0, 0, 0, 0, 0, 0, 0]}",[799.6667901622423],"{'state': array([[ 0.00000000e+00,  0.00000000e+00,  0.00000000e+00,
         0.00000000e+00,  0.00000000e+00],
       [-3.23040895e-02, -9.99127805e-01,  4.17568609e-02,
        -3.25516135e-01, -4.11109567e-01],
       [-1.80215412e-03, -9.99651670e-01, -2.63918582e-02,
         6.45075381e-01,  1.09549165e+00],
       [ 1.92958444e-01, -9.51514423e-01, -3.07604194e-01,
         1.51062310e+00,  1.94106591e+00],
       [ 5.08666754e-01, -8.04422736e-01, -5.94057262e-01,
         2.19697785e+00,  1.71272671e+00],
       [ 9.90089953e-01, -6.53265238e-01, -7.57129133e-01,
         2.87107182e+00,  5.33653557e-01],
       [ 1.61145484e+00, -6.72381938e-01, -7.40204394e-01,
         3.66936207e+00, -7.91212857e-01],
       [ 1.86308050e+00, -9.71183300e-01,  2.38333821e-01,
        -5.62901616e-01, -7.08410025e+00],
       [ 1.76203907e+00, -4.22325313e-01,  9.06444311e-01,
        -9.59382892e-01, -6.37037134e+00],
       [ 1.56353045e+00,  4.34263170e-01,  9.00786042e-01,
        -1.42329574e+00, -3.95282769e+00],
       [ 1.31644428e+00,  8.33579659e-01,  5.52399278e-01,
        -1.33848011e+00, -2.15242028e+00],
       [ 1.04127550e+00,  9.57271099e-01,  2.89192110e-01,
        -1.41253066e+00, -8.90768409e-01],
       [ 7.68476307e-01,  9.81172979e-01,  1.93130910e-01,
        -1.45745468e+00, -1.97048366e-01],
       [ 5.30926526e-01,  9.91842806e-01,  1.27466857e-01,
        -9.16425049e-01, -5.03179729e-01],
       [ 3.51246208e-01,  9.95041251e-01,  9.94630083e-02,
        -1.19697249e+00,  1.59742758e-01],
       [ 1.74402446e-01,  9.96584177e-01,  8.25833902e-02,
        -6.64151669e-01, -3.46543133e-01],
       [-9.70960129e-03,  9.93962228e-01,  1.09722957e-01,
        -1.17750657e+00,  6.32577777e-01],
       [-1.45864010e-01,  9.90521908e-01,  1.37354717e-01,
        -2.56430745e-01, -3.25144112e-01],
       [-1.89292505e-01,  9.95032310e-01,  9.95525643e-02,
        -1.99913904e-01, -9.38819572e-02],
       [-1.93437219e-01,  9.98260438e-01,  5.89582473e-02,
         1.51977822e-01, -4.03120548e-01],
       [-1.89557567e-01,  9.99530971e-01,  3.06239892e-02,
        -1.08297125e-01,  7.50897154e-02],
       [-1.94757193e-01,  9.99522626e-01,  3.08949593e-02,
         4.32948135e-02, -7.15870485e-02],
       [-1.97562709e-01,  9.99146998e-01,  4.12949547e-02,
        -7.30499998e-02,  1.86136574e-01],
       [-1.72909141e-01,  9.99483287e-01,  3.21437009e-02,
         3.32761288e-01, -2.86982685e-01],
       [-1.25978008e-01,  9.99998987e-01,  1.42793427e-03,
         2.19970763e-01, -8.77205953e-02],
       [-1.12683415e-01,  9.99693692e-01,  2.47483663e-02,
        -7.27294162e-02,  3.57512593e-01],
       [-6.39897138e-02,  9.99996483e-01,  2.65333406e-03,
         6.46031797e-01, -6.27127528e-01],
       [ 5.93495602e-03,  9.98958707e-01, -4.56229895e-02,
         9.11068916e-02,  9.52585861e-02],
       [ 1.64675359e-02,  9.99572337e-01, -2.92427521e-02,
         2.55818795e-02,  9.43807736e-02],
       [ 2.07012566e-03,  9.99940336e-01,  1.09241167e-02,
        -1.86386317e-01,  3.70374620e-01],
       [ 2.44342219e-02,  9.99999285e-01, -1.21215545e-03,
         4.49725509e-01, -5.18420458e-01],
       [ 5.01576327e-02,  9.99866605e-01, -1.63330976e-02,
        -2.04358682e-01,  3.66286010e-01],
       [ 2.99804080e-02,  9.99693692e-01,  2.47487705e-02,
        -3.38289179e-02,  1.34858370e-01],
       [ 6.24992922e-02,  9.99994338e-01, -3.36407661e-03,
         4.16956425e-01, -4.77839261e-01],
       [ 8.97028074e-02,  9.99720931e-01, -2.36221105e-02,
        -1.30143568e-01,  2.54716545e-01],
       [ 7.52456784e-02,  9.99981761e-01,  6.04042690e-03,
        -4.05225009e-02,  1.07111327e-01],
       [ 8.78394321e-02,  9.99996364e-01, -2.69059907e-03,
         1.88853011e-01, -2.13605359e-01],
       [ 9.16403309e-02,  9.99999404e-01,  1.10232749e-03,
        -1.46694854e-01,  2.57479131e-01],
       [ 8.76636878e-02,  9.99877512e-01,  1.56521033e-02,
         9.67128277e-02, -6.96516559e-02],
       [ 1.25782192e-01,  9.99648690e-01, -2.65049990e-02,
         3.52559716e-01, -4.44582105e-01],
       [ 1.26148611e-01,  9.99698758e-01, -2.45433040e-02,
        -3.48930985e-01,  4.65196520e-01],
       [ 8.84021223e-02,  9.99771118e-01,  2.13946830e-02,
        -4.94084619e-02,  4.05919254e-02],
       [ 9.41626728e-02,  9.99931216e-01,  1.17275082e-02,
         1.21593267e-01, -1.65394530e-01],
       [ 1.10748842e-01,  9.99954879e-01, -9.50194709e-03,
         6.31396621e-02, -8.02125856e-02],
       [ 1.12891242e-01,  9.99913871e-01, -1.31230075e-02,
        -3.78622003e-02,  3.60385589e-02],
       [ 1.06781274e-01,  9.99951184e-01, -9.87827964e-03,
        -3.40835974e-02,  3.54147935e-03],
       [ 9.89821330e-02,  9.99959052e-01, -9.04706586e-03,
        -5.25905192e-02,  6.07482484e-03],
       [ 8.44198540e-02,  9.99997377e-01, -2.30073743e-03,
        -1.09352238e-01,  7.19736218e-02],
       [ 7.61115178e-02,  9.99980867e-01, -6.18355442e-03,
         1.71161927e-02, -1.16890579e-01],
       [ 7.18798861e-02,  9.99814510e-01, -1.92598403e-02,
        -6.38606101e-02, -3.44065204e-02],
       [ 4.92135398e-02,  9.99879956e-01, -1.54942255e-02,
        -1.74813658e-01,  7.58680701e-02],
       [-1.73777454e-02,  9.98895228e-01,  4.69925404e-02,
        -5.27486265e-01,  6.12142682e-01],
       [-3.29382159e-02,  9.98407543e-01,  5.64124919e-02,
         3.44205916e-01, -4.96929735e-01],
       [ 1.67517911e-03,  9.99872744e-01,  1.59539860e-02,
         2.10107006e-02,  5.13360538e-02],
       [ 2.25488394e-02,  9.99992847e-01,  3.78133426e-03,
         2.11170301e-01, -1.92171350e-01],
       [ 5.42514361e-02,  9.99734581e-01, -2.30372865e-02,
         1.41639620e-01, -1.18119769e-01]], dtype=float32), 'action': array([-0.22887327,  0.5223015 ,  0.5081155 ,  0.45800462,  0.41747415,
        0.48550567, -0.3239811 , -0.4966612 , -0.42985308,  0.04960632,
       -0.01725892, -0.00872866,  0.2898635 , -0.16222985,  0.29515737,
       -0.25803828,  0.508197  ,  0.03872586,  0.21860509, -0.14579268,
        0.09963635, -0.06058114,  0.22250745, -0.06711201, -0.1665041 ,
        0.4361384 , -0.30224642, -0.04006289, -0.12187312,  0.38546798,
       -0.32154614,  0.10353038,  0.27367496, -0.2974591 ,  0.05364656,
        0.13899039, -0.19197032,  0.15711898,  0.15453617, -0.36308274,
        0.16222748,  0.11112906, -0.03335109, -0.06193456,  0.00148747,
       -0.01124158, -0.03286124,  0.07203779, -0.04719566, -0.06134039,
       -0.19010146,  0.5314549 , -0.17269686,  0.10945056, -0.04042434,
       -0.13397461], dtype=float32), 'dt': array([14, 19, 18, 17, 19, 19, 23, 13, 17, 18, 20, 19, 20, 17, 19, 20, 19,
       19, 17, 18, 16, 19, 19, 17, 18, 17, 19, 18, 18, 17, 21, 17, 17, 19,
       17, 17, 18, 16, 17, 20, 19, 16, 18, 17, 17, 18, 18, 18, 18, 19, 19,
       17, 19, 18, 18, 17], dtype=int32), 'latent_action': array([[ 7.1403396e-01,  7.7240598e-01],
       [-7.8018689e-01, -7.6893777e-01],
       [-7.7372944e-01, -7.8254610e-01],
       [-7.7801013e-01, -7.3117685e-01],
       [-7.4831951e-01, -7.0319533e-01],
       [-7.4194705e-01, -7.6426256e-01],
       [ 7.9932135e-01, -6.3142228e-01],
       [ 7.3606843e-01,  6.9586718e-01],
       [ 7.5583827e-01,  8.7398857e-02],
       [ 2.3259768e-01, -3.8228089e-01],
       [ 3.7941936e-01, -7.4249512e-01],
       [ 1.5119825e-01, -7.3444903e-01],
       [-1.3694000e-01, -7.6415694e-01],
       [ 3.6797199e-01, -7.6905084e-01],
       [-1.9768040e-01, -7.7153730e-01],
       [ 5.1162237e-01, -7.3416674e-01],
       [-7.3191726e-01, -7.7670491e-01],
       [ 1.1068771e-01, -7.4250782e-01],
       [-1.2566301e-01, -7.6505643e-01],
       [ 4.1953048e-01, -7.4480897e-01],
       [ 4.3144390e-02, -7.9484433e-01],
       [ 2.0807528e-01, -7.2750926e-01],
       [-2.1566775e-01, -7.3995942e-01],
       [ 2.9474717e-01, -7.6072007e-01],
       [ 2.8206071e-01, -7.6045835e-01],
       [-6.1252415e-01, -7.3763382e-01],
       [ 7.1789849e-01, -7.4581075e-01],
       [ 2.5071639e-01, -7.5808585e-01],
       [ 2.4867024e-01, -7.7155328e-01],
       [-4.9729338e-01, -7.4000633e-01],
       [ 7.3888719e-01, -7.8385651e-01],
       [-8.6423688e-02, -7.1849680e-01],
       [-2.0683619e-01, -7.8330010e-01],
       [ 6.4978766e-01, -7.6787245e-01],
       [ 8.1681646e-03, -7.4047840e-01],
       [ 6.3849062e-02, -7.3575437e-01],
       [ 3.2461423e-01, -8.0569261e-01],
       [-1.4473349e-01, -7.6933008e-01],
       [-1.4941936e-02, -7.6306659e-01],
       [ 6.9084948e-01, -7.7032739e-01],
       [-8.9055963e-02, -7.2279060e-01],
       [ 4.5907810e-02, -7.7290726e-01],
       [ 2.4642715e-01, -7.6958716e-01],
       [ 2.9493472e-01, -7.4386084e-01],
       [ 2.0794247e-01, -7.1449262e-01],
       [ 1.4575022e-01, -7.6009989e-01],
       [ 1.6949281e-01, -7.4480140e-01],
       [ 1.2279437e-01, -7.3987567e-01],
       [ 3.3186784e-01, -7.2929120e-01],
       [ 3.4403229e-01, -7.7296114e-01],
       [ 3.2470551e-01, -7.3434210e-01],
       [-7.7571547e-01, -7.8157783e-01],
       [ 3.3777469e-01, -7.6921159e-01],
       [-5.0606712e-04, -7.5925434e-01],
       [ 2.8083953e-01, -7.8471053e-01],
       [ 3.5821897e-01, -7.7794719e-01]], dtype=float32), 'hybrid_action': array([[-0.22887327, -0.09882475],
       [ 0.5223015 ,  0.22901654],
       [ 0.5081155 ,  0.18303265],
       [ 0.45800462,  0.12279373],
       [ 0.41747415,  0.22513808],
       [ 0.48550567,  0.2659575 ],
       [-0.3239811 ,  0.49453145],
       [-0.4966612 , -0.20050795],
       [-0.42985308,  0.08905044],
       [ 0.04960632,  0.1965459 ],
       [-0.01725892,  0.33243462],
       [-0.00872866,  0.20719452],
       [ 0.2898635 ,  0.2809082 ],
       [-0.16222985,  0.13774249],
       [ 0.29515737,  0.23964559],
       [-0.25803828,  0.2937987 ],
       [ 0.508197  ,  0.2634829 ],
       [ 0.03872586,  0.20905359],
       [ 0.21860509,  0.08648265],
       [-0.14579268,  0.14371717],
       [ 0.09963635,  0.03442478],
       [-0.06058114,  0.22019018],
       [ 0.22250745,  0.21034874],
       [-0.06711201,  0.09961569],
       [-0.1665041 ,  0.19244364],
       [ 0.4361384 ,  0.09817215],
       [-0.30224642,  0.24181233],
       [-0.04006289,  0.14255536],
       [-0.12187312,  0.1608137 ],
       [ 0.38546798,  0.07617828],
       [-0.32154614,  0.35450205],
       [ 0.10353038,  0.11208812],
       [ 0.27367496,  0.13364176],
       [-0.2974591 ,  0.25716504],
       [ 0.05364656,  0.09161106],
       [ 0.13899039,  0.13327295],
       [-0.19197032,  0.14197397],
       [ 0.15711898,  0.06283399],
       [ 0.15453617,  0.1294941 ],
       [-0.36308274,  0.28571782],
       [ 0.16222748,  0.2218547 ],
       [ 0.11112906,  0.05867946],
       [-0.03335109,  0.15316895],
       [-0.06193456,  0.11980445],
       [ 0.00148747,  0.1292224 ],
       [-0.01124158,  0.14644526],
       [-0.03286124,  0.16514167],
       [ 0.07203779,  0.1597899 ],
       [-0.04719566,  0.18672998],
       [-0.06134039,  0.22025172],
       [-0.19010146,  0.21989474],
       [ 0.5314549 ,  0.12904245],
       [-0.17269686,  0.22520635],
       [ 0.10945056,  0.15253909],
       [-0.04042434,  0.1661579 ],
       [-0.13397461,  0.09926941]], dtype=float32)}",12.400644797779135,56.2
5500,805.5924413993316,"{0: [0, 0, 0, 0, 0, 0, 0, 0, 0, 0, 1, 4, 5, 10, 6, 35, 128, 180, 122, 60, 7, 2, 1, 0, 0, 0, 0, 0, 0, 0]}",[805.5924413993316],"{'state': array([[ 0.00000000e+00,  0.00000000e+00,  0.00000000e+00,
         0.00000000e+00,  0.00000000e+00],
       [-2.70049064e-03, -9.99999821e-01, -5.58859145e-04,
        -1.15242556e-01, -1.89722389e-01],
       [ 6.65812865e-02, -9.95472252e-01, -9.50525254e-02,
         8.42180192e-01,  1.13827634e+00],
       [ 3.09482545e-01, -9.27180409e-01, -3.74615103e-01,
         1.70600259e+00,  1.74627995e+00],
       [ 6.93202972e-01, -7.72415578e-01, -6.35117471e-01,
         2.55154729e+00,  1.48025310e+00],
       [ 1.21752656e+00, -6.50312841e-01, -7.59666562e-01,
         3.27471209e+00,  3.85110646e-01],
       [ 1.86859047e+00, -7.21135736e-01, -6.92793846e-01,
         2.05734396e+00, -2.94352531e+00],
       [ 1.84534907e+00, -9.26001608e-01,  3.77519578e-01,
        -7.85154581e-01, -6.99647284e+00],
       [ 1.71656513e+00, -2.68722266e-01,  9.63217676e-01,
        -1.03925765e+00, -5.76999998e+00],
       [ 1.50231957e+00,  4.81632501e-01,  8.76373291e-01,
        -1.52623296e+00, -3.28686070e+00],
       [ 1.27523017e+00,  8.48536134e-01,  5.29137433e-01,
        -7.51497030e-01, -2.04960704e+00],
       [ 1.13584495e+00,  9.67542171e-01,  2.52709657e-01,
        -6.40163004e-01, -1.10940278e+00],
       [ 1.02133417e+00,  9.96464431e-01,  8.40154663e-02,
        -5.62003911e-01, -7.75717318e-01],
       [ 8.73263597e-01,  9.99687016e-01,  2.50177663e-02,
        -1.08208537e+00,  9.25692022e-02],
       [ 6.66277170e-01,  9.97714520e-01,  6.75701723e-02,
        -1.21862459e+00,  4.00164425e-01],
       [ 5.08670449e-01,  9.97686386e-01,  6.79841787e-02,
        -5.32581210e-01, -3.95342171e-01],
       [ 3.87128443e-01,  9.99361515e-01,  3.57295051e-02,
        -7.46120811e-01,  3.98809500e-02],
       [ 2.59530693e-01,  9.99121010e-01,  4.19186726e-02,
        -6.71762288e-01,  3.17789838e-02],
       [ 1.23089194e-01,  9.97315526e-01,  7.32241645e-02,
        -7.65132606e-01,  3.13362986e-01],
       [ 3.66876572e-02,  9.97260273e-01,  7.39723071e-02,
        -1.94909602e-01, -3.04662347e-01],
       [-1.56510100e-02,  9.98520613e-01,  5.43741733e-02,
        -3.55606675e-01,  8.85377973e-02],
       [-6.90726861e-02,  9.97832835e-01,  6.57998100e-02,
        -2.06981242e-01,  3.74961868e-02],
       [-8.34625214e-02,  9.98524904e-01,  5.42959273e-02,
         4.73348722e-02, -1.70859471e-01],
       [-7.67570660e-02,  9.99314845e-01,  3.70118693e-02,
         2.75266413e-02, -2.92931776e-02],
       [-6.96206987e-02,  9.99389827e-01,  3.49280350e-02,
         6.17160611e-02,  2.37901160e-03],
       [-6.44872114e-02,  9.98700559e-01,  5.09623773e-02,
        -1.63240090e-03,  1.93357795e-01],
       [-1.31709464e-02,  9.99875844e-01,  1.57568026e-02,
         6.43761396e-01, -6.48294866e-01],
       [ 4.86270450e-02,  9.99817073e-01, -1.91254728e-02,
        -2.49631815e-02,  2.81663597e-01],
       [ 5.88340722e-02,  9.99963045e-01,  8.59944429e-03,
         1.37797281e-01,  3.90957408e-02],
       [ 9.87276360e-02,  9.99972701e-01, -7.39220064e-03,
         3.31850618e-01, -2.34153062e-01],
       [ 1.45690903e-01,  9.99447644e-01, -3.32320295e-02,
         1.63071811e-01, -5.04145324e-02],
       [ 1.72324643e-01,  9.98898864e-01, -4.69159186e-02,
         1.33142784e-01, -1.08019643e-01],
       [ 1.72012165e-01,  9.99080837e-01, -4.28653546e-02,
        -1.36518374e-01,  1.52663752e-01],
       [ 1.40106022e-01,  9.99922693e-01, -1.24357659e-02,
        -2.18626514e-01,  1.99531153e-01],
       [ 9.98352766e-02,  9.99723196e-01,  2.35264227e-02,
        -2.06063390e-01,  1.96404874e-01],
       [ 8.76486748e-02,  9.99539196e-01,  3.03552654e-02,
         4.34517488e-02, -1.02689214e-01],
       [ 1.05234087e-01,  9.99995828e-01,  2.89810356e-03,
         1.52512252e-01, -2.15023443e-01],
       [ 1.11013234e-01,  9.99986529e-01, -5.19565865e-03,
        -8.81273225e-02,  1.21379182e-01],
       [ 9.57954302e-02,  9.99869287e-01,  1.61692649e-02,
        -7.25288242e-02,  1.13837548e-01],
       [ 1.08603761e-01,  9.99995947e-01,  2.84616416e-03,
         2.15118244e-01, -2.67986447e-01],
       [ 1.33733466e-01,  9.99612272e-01, -2.78439578e-02,
         6.47425130e-02, -8.71256515e-02],
       [ 1.22952186e-01,  9.99848902e-01, -1.73819270e-02,
        -1.84750810e-01,  2.08203346e-01],
       [ 1.09489873e-01,  9.99945760e-01, -1.04167545e-02,
         2.62316931e-02, -1.23238303e-01],
       [ 9.73763466e-02,  9.99920666e-01, -1.25966743e-02,
        -1.53691679e-01,  9.92318168e-02],
       [ 6.33811429e-02,  9.99911964e-01,  1.32671399e-02,
        -2.24569187e-01,  1.99990109e-01],
       [ 3.45430449e-02,  9.99289215e-01,  3.76964062e-02,
        -9.63661894e-02,  8.27502608e-02],
       [ 3.91970910e-02,  9.99579251e-01,  2.90049501e-02,
         1.51289865e-01, -1.88837722e-01],
       [ 6.02778681e-02,  9.99968767e-01,  7.90005364e-03,
         9.71332490e-02, -6.86292574e-02],
       [ 7.38950521e-02,  9.99998868e-01,  1.49465294e-03,
         6.31953031e-02, -9.50183440e-03],
       [ 9.36878398e-02,  9.99918103e-01, -1.27981659e-02,
         1.57020107e-01, -1.55850232e-01],
       [ 1.24777585e-01,  9.98726726e-01, -5.04476987e-02,
         1.89197570e-01, -2.79928833e-01],
       [ 1.10005140e-01,  9.99004245e-01, -4.46152948e-02,
        -3.44822705e-01,  3.44242364e-01],
       [ 3.86095159e-02,  9.99614000e-01,  2.77825780e-02,
        -4.96532917e-01,  5.39047360e-01],
       [ 1.47176078e-02,  9.99190390e-01,  4.02311794e-02,
         2.15183362e-01, -3.86997342e-01],
       [ 3.17350514e-02,  9.99969423e-01,  7.82283302e-03,
        -2.54339371e-02,  1.19957440e-02],
       [ 2.94621941e-02,  9.99963582e-01,  8.53731111e-03,
         1.64724042e-04, -3.72911687e-03]], dtype=float32), 'action': array([-0.09272647,  0.5195039 ,  0.4873823 ,  0.5300435 ,  0.4668833 ,
        0.32503617, -0.39369062, -0.3757062 , -0.40732902,  0.42214534,
        0.07784317,  0.05312563, -0.29382658, -0.07497849,  0.39715838,
       -0.11223166,  0.04518075, -0.0467037 ,  0.3313248 , -0.08272696,
        0.08469035,  0.149633  , -0.00817721,  0.02449654, -0.035379  ,
        0.417433  , -0.3445374 ,  0.09273095,  0.11753917, -0.0928659 ,
       -0.01988018, -0.14926644, -0.04888071,  0.00717949,  0.1730073 ,
        0.06353129, -0.13771147,  0.00882789,  0.1651821 , -0.08686448,
       -0.14426936,  0.12676696, -0.09831525, -0.04052491,  0.07508046,
        0.1522656 , -0.03150305, -0.02021686,  0.053278  ,  0.01623556,
       -0.29276636, -0.09245291,  0.433294  , -0.13596475,  0.01520621,
        0.13741188], dtype=float32), 'dt': array([13, 19, 19, 18, 18, 19, 19, 14, 17, 20, 20, 19, 18, 18, 18, 19, 18,
       19, 18, 19, 19, 18, 18, 16, 17, 16, 20, 18, 17, 19, 18, 19, 18, 19,
       15, 18, 18, 19, 18, 18, 18, 17, 19, 18, 18, 17, 17, 17, 18, 18, 19,
       17, 17, 18, 18, 17], dtype=int32), 'latent_action': array([[ 7.4226761e-01,  7.6880467e-01],
       [-7.5803578e-01, -7.9336542e-01],
       [-7.8560781e-01, -7.6721102e-01],
       [-7.9065299e-01, -7.5099707e-01],
       [-7.3101157e-01, -7.7074385e-01],
       [-7.7464408e-01, -5.7297802e-01],
       [ 7.5599605e-01, -2.5834465e-02],
       [ 7.7626395e-01,  5.9182847e-01],
       [ 7.5654519e-01,  2.3133102e-01],
       [-5.2850002e-01, -7.8005230e-01],
       [ 1.2978911e-01, -7.9213727e-01],
       [ 1.7154485e-01, -7.6499808e-01],
       [ 6.8708026e-01, -7.7651304e-01],
       [ 2.0295486e-01, -7.8294492e-01],
       [-3.2236665e-01, -7.8112590e-01],
       [ 4.1001135e-01, -7.4904746e-01],
       [ 1.3241000e-01, -7.6710051e-01],
       [ 1.8614011e-01, -7.7838475e-01],
       [-2.7274665e-01, -7.8978074e-01],
       [ 3.0385315e-01, -7.3584020e-01],
       [ 2.0204397e-02, -7.4471790e-01],
       [-1.2886947e-01, -7.7754927e-01],
       [ 1.1835023e-01, -7.5915736e-01],
       [ 7.8527242e-02, -7.6063955e-01],
       [ 7.8094951e-03, -7.0981991e-01],
       [-5.5056012e-01, -7.7421451e-01],
       [ 7.3939705e-01, -7.4512672e-01],
       [-1.2901773e-01, -7.3576081e-01],
       [ 2.3815006e-02, -7.7149284e-01],
       [ 3.1726447e-01, -7.9154837e-01],
       [ 3.0007252e-01, -7.6569331e-01],
       [ 5.0226200e-01, -7.6855528e-01],
       [ 2.6131508e-01, -7.9827136e-01],
       [ 1.2132295e-01, -7.8562391e-01],
       [-1.3479459e-01, -7.5317371e-01],
       [ 1.0313318e-01, -7.7074051e-01],
       [ 3.9078450e-01, -7.8237581e-01],
       [ 5.6341808e-02, -7.7732301e-01],
       [-8.5030533e-02, -7.8696060e-01],
       [ 3.4562480e-01, -7.3738813e-01],
       [ 3.2913727e-01, -7.3045331e-01],
       [-1.5626552e-02, -7.7143848e-01],
       [ 3.6010110e-01, -7.9150915e-01],
       [ 2.5303170e-01, -7.6647711e-01],
       [-1.1951104e-04, -7.8066099e-01],
       [-1.8047249e-01, -7.9101372e-01],
       [ 1.8546741e-01, -7.8056508e-01],
       [ 1.6238193e-01, -7.9424173e-01],
       [ 1.0795811e-01, -7.6965559e-01],
       [ 2.9617164e-01, -7.6745844e-01],
       [ 7.3342907e-01, -7.3512352e-01],
       [ 9.6343055e-02, -7.4703163e-01],
       [-6.1846590e-01, -7.4635148e-01],
       [ 3.4877190e-01, -7.5003660e-01],
       [ 1.9710742e-01, -7.5975275e-01],
       [-1.4466047e-04, -7.6342797e-01]], dtype=float32), 'hybrid_action': array([[-0.09272647, -0.14669445],
       [ 0.5195039 ,  0.24527565],
       [ 0.4873823 ,  0.2430009 ],
       [ 0.5300435 ,  0.16234884],
       [ 0.4668833 ,  0.18120834],
       [ 0.32503617,  0.25099224],
       [-0.39369062,  0.21532731],
       [-0.3757062 , -0.121471  ],
       [-0.40732902,  0.0934134 ],
       [ 0.42214534,  0.2918047 ],
       [ 0.07784317,  0.30131853],
       [ 0.05312563,  0.22086333],
       [-0.29382658,  0.1845978 ],
       [-0.07497849,  0.19313502],
       [ 0.39715838,  0.20552531],
       [-0.11223166,  0.22042462],
       [ 0.04518075,  0.19032624],
       [-0.0467037 ,  0.23950016],
       [ 0.3313248 ,  0.15734269],
       [-0.08272696,  0.2203166 ],
       [ 0.08469035,  0.24772917],
       [ 0.149633  ,  0.14266   ],
       [-0.00817721,  0.18193   ],
       [ 0.02449654,  0.05957147],
       [-0.035379  ,  0.10678738],
       [ 0.417433  ,  0.02908559],
       [-0.3445374 ,  0.31388173],
       [ 0.09273095,  0.15305638],
       [ 0.11753917,  0.1303987 ],
       [-0.0928659 ,  0.26251885],
       [-0.01988018,  0.2051294 ],
       [-0.14926644,  0.2590956 ],
       [-0.04888071,  0.1886964 ],
       [ 0.00717949,  0.24337433],
       [ 0.1730073 , -0.00588875],
       [ 0.06353129,  0.18909706],
       [-0.13771147,  0.14611822],
       [ 0.00882789,  0.2539552 ],
       [ 0.1651821 ,  0.19380555],
       [-0.08686448,  0.17821157],
       [-0.14426936,  0.16326521],
       [ 0.12676696,  0.12948945],
       [-0.09831525,  0.25864083],
       [-0.04052491,  0.18730246],
       [ 0.07508046,  0.16736716],
       [ 0.1522656 ,  0.1017383 ],
       [-0.03150305,  0.08599978],
       [-0.02021686,  0.1343957 ],
       [ 0.053278  ,  0.17964748],
       [ 0.01623556,  0.17048511],
       [-0.29276636,  0.21439047],
       [-0.09245291,  0.09124572],
       [ 0.433294  ,  0.12702867],
       [-0.13596475,  0.15990716],
       [ 0.01520621,  0.17484249],
       [ 0.13741188,  0.11835288]], dtype=float32)}",4.077226465426803,56.10000000000001
5550,803.6562359565992,"{0: [0, 0, 0, 0, 0, 0, 0, 0, 0, 0, 2, 2, 6, 8, 6, 30, 130, 197, 107, 53, 13, 4, 3, 0, 0, 0, 0, 0, 0, 0]}",[803.6562359565992],"{'state': array([[ 0.00000000e+00,  0.00000000e+00,  0.00000000e+00,
         0.00000000e+00,  0.00000000e+00],
       [-3.04409992e-02, -9.99213696e-01,  3.96479107e-02,
        -3.27911049e-01, -4.30929095e-01],
       [-8.80211592e-03, -9.99918640e-01, -1.27555616e-02,
         5.54537117e-01,  9.57227051e-01],
       [ 1.49086863e-01, -9.68548656e-01, -2.48824343e-01,
         1.29683197e+00,  1.73979521e+00],
       [ 4.65183586e-01, -8.33695173e-01, -5.52224934e-01,
         2.02243304e+00,  1.59689474e+00],
       [ 9.06587183e-01, -6.85030997e-01, -7.28513956e-01,
         2.88033700e+00,  8.61252308e-01],
       [ 1.55577385e+00, -6.64983809e-01, -7.46857762e-01,
         3.61181331e+00, -6.01604283e-01],
       [ 1.87302673e+00, -9.93549407e-01,  1.13399982e-01,
        -5.40797472e-01, -7.04318666e+00],
       [ 1.77619767e+00, -4.80717778e-01,  8.76875341e-01,
        -8.01733851e-01, -6.26728344e+00],
       [ 1.63329232e+00,  2.85556793e-01,  9.58361804e-01,
        -1.13678074e+00, -4.19470787e+00],
       [ 1.45040822e+00,  8.09596121e-01,  5.86987376e-01,
        -6.27735615e-01, -2.27083683e+00],
       [ 1.38331521e+00,  9.68516290e-01,  2.48950124e-01,
        -7.46494532e-02, -1.86353207e+00],
       [ 1.30100465e+00,  9.99804676e-01,  1.97625589e-02,
        -7.44940162e-01, -5.64253390e-01],
       [ 1.06047857e+00,  9.99976337e-01,  6.87534921e-03,
        -1.44132543e+00,  4.39895034e-01],
       [ 8.10473919e-01,  9.97997880e-01,  6.32471070e-02,
        -1.19155300e+00,  1.81296125e-01],
       [ 6.01828575e-01,  9.95876729e-01,  9.07166153e-02,
        -1.00532424e+00,  1.22092493e-01],
       [ 4.49867845e-01,  9.96703744e-01,  8.11276138e-02,
        -5.94048202e-01, -2.28121161e-01],
       [ 3.51081252e-01,  9.99024808e-01,  4.41517234e-02,
        -5.02815902e-01, -2.00525016e-01],
       [ 2.36703455e-01,  9.98638809e-01,  5.21588437e-02,
        -7.68205285e-01,  2.93225288e-01],
       [ 1.26917958e-01,  9.96920943e-01,  7.84132853e-02,
        -4.52200562e-01,  1.13050723e-02],
       [ 7.15886503e-02,  9.98194277e-01,  6.00677431e-02,
        -1.62181750e-01, -2.24133998e-01],
       [ 5.28575554e-02,  9.99884605e-01,  1.51893618e-02,
        -4.50091474e-02, -2.95501262e-01],
       [ 2.50487626e-02,  9.99923289e-01, -1.23865306e-02,
        -2.47107819e-01, -8.09951406e-03],
       [-3.75951976e-02,  9.99942958e-01,  1.06828529e-02,
        -4.49413002e-01,  2.74991781e-01],
       [-1.03618257e-01,  9.98881400e-01,  4.72864546e-02,
        -3.28051984e-01,  1.71720594e-01],
       [-1.33297667e-01,  9.98788357e-01,  4.92120050e-02,
        -2.11608224e-02, -1.48192093e-01],
       [-1.41838059e-01,  9.99187350e-01,  4.03066315e-02,
        -7.91406706e-02,  3.94708626e-02],
       [-1.42638445e-01,  9.99315560e-01,  3.69920768e-02,
         6.97880387e-02, -7.99313858e-02],
       [-1.25364661e-01,  9.99703586e-01,  2.43461467e-02,
         1.12317979e-01, -5.93551695e-02],
       [-1.12073079e-01,  9.99620080e-01,  2.75630895e-02,
         4.39916141e-02,  9.86029729e-02],
       [-8.80249813e-02,  9.99653280e-01,  2.63318680e-02,
         2.38948926e-01, -1.13623716e-01],
       [-5.08850366e-02,  9.99808729e-01,  1.95590388e-02,
         1.73858315e-01,  3.52510735e-02],
       [ 3.66093800e-03,  9.99970436e-01, -7.68609671e-03,
         4.68392283e-01, -3.67601484e-01],
       [ 8.01100954e-02,  9.97932613e-01, -6.42689094e-02,
         2.97410160e-01, -2.27489337e-01],
       [ 8.12769979e-02,  9.99015689e-01, -4.43579108e-02,
        -2.85579652e-01,  4.47191328e-01],
       [ 5.63915744e-02,  9.99965072e-01, -8.36069789e-03,
        -7.88625143e-03, -8.01585522e-03],
       [ 3.78856584e-02,  9.99901175e-01,  1.40586868e-02,
        -1.98197812e-01,  2.67383903e-01],
       [ 2.92555410e-02,  9.99614418e-01,  2.77682319e-02,
         9.63897780e-02, -1.00091189e-01],
       [ 4.92827520e-02,  9.99939859e-01,  1.09696044e-02,
         1.26483664e-01, -9.42893773e-02],
       [ 6.54948428e-02,  9.99986053e-01,  5.27891843e-03,
         5.37700132e-02,  2.84512769e-02],
       [ 8.61558765e-02,  9.99982774e-01, -5.86605305e-03,
         1.89518258e-01, -1.64389715e-01],
       [ 1.14292473e-01,  9.99546230e-01, -3.01228054e-02,
         1.23616405e-01, -1.16293617e-01],
       [ 1.05596505e-01,  9.99916315e-01, -1.29359309e-02,
        -2.20596135e-01,  3.15208703e-01],
       [ 9.14700180e-02,  9.99980569e-01,  6.23036548e-03,
         5.40223233e-02, -8.14189240e-02],
       [ 1.00924216e-01,  9.99970615e-01, -7.66966864e-03,
         5.13134710e-02, -7.93906748e-02],
       [ 9.79553983e-02,  9.99981701e-01, -6.04890566e-03,
        -8.62707868e-02,  9.91577953e-02],
       [ 8.70429650e-02,  9.99987423e-01,  5.00977738e-03,
        -4.23288979e-02,  3.57316881e-02],
       [ 8.80301818e-02,  1.00000000e+00,  1.88673890e-04,
         5.40368259e-02, -9.45354998e-02],
       [ 7.89890513e-02,  9.99945641e-01,  1.04265409e-02,
        -1.54703274e-01,  2.12971658e-01],
       [ 7.34673738e-02,  9.99801099e-01,  1.99437849e-02,
         8.95502716e-02, -9.68547016e-02],
       [ 8.43637958e-02,  9.99913454e-01,  1.31582627e-02,
         3.87766771e-02,  1.40780853e-02],
       [ 1.21734902e-01,  9.99630988e-01, -2.71635316e-02,
         3.77284974e-01, -4.80572999e-01],
       [ 1.31197125e-01,  9.99212265e-01, -3.96843813e-02,
        -2.82350868e-01,  3.48822027e-01],
       [ 1.00651920e-01,  9.99937534e-01, -1.11773396e-02,
        -7.75590837e-02, -1.02780166e-03],
       [ 8.00052136e-02,  9.99992371e-01, -3.90683068e-03,
        -1.51999101e-01,  8.51417556e-02],
       [ 6.02008477e-02,  1.00000000e+00,  1.92210122e-04,
        -6.81359172e-02, -3.77182551e-02]], dtype=float32), 'action': array([-0.21619575,  0.47437727,  0.45894524,  0.42947724,  0.54499006,
        0.4272253 , -0.38038567, -0.34737602, -0.3861028 ,  0.251346  ,
        0.3210743 , -0.33766252, -0.3254285 ,  0.13772476,  0.10620008,
        0.22888409,  0.05647674, -0.1485154 ,  0.1852625 ,  0.17069058,
        0.06960756, -0.10944949, -0.11578514,  0.07546572,  0.18916963,
       -0.03200561,  0.09285612,  0.02516764, -0.03956306,  0.11991622,
       -0.03563315,  0.17874876, -0.09050677, -0.31978932,  0.16630116,
       -0.1086574 ,  0.17980678,  0.01855652, -0.04102233,  0.08217148,
       -0.03892815, -0.19837055,  0.16602544, -0.00159642, -0.08377468,
        0.02656434,  0.05852321, -0.11902437,  0.14893316, -0.02958817,
        0.1931412 , -0.34207377,  0.12222173, -0.04310328,  0.04783146,
       -0.04897592], dtype=float32), 'dt': array([15, 19, 17, 19, 18, 20, 23, 14, 15, 21, 19, 20, 22, 19, 19, 19, 18,
       18, 18, 18, 18, 19, 18, 17, 17, 17, 17, 19, 17, 17, 18, 17, 20, 19,
       17, 18, 17, 18, 18, 17, 18, 18, 17, 18, 17, 17, 17, 18, 17, 17, 18,
       20, 17, 18, 18, 18], dtype=int32), 'latent_action': array([[ 0.77560663,  0.7800573 ],
       [-0.7507919 , -0.7180402 ],
       [-0.7630204 , -0.71951896],
       [-0.7775494 , -0.786881  ],
       [-0.75529605, -0.75256133],
       [-0.74695885, -0.74113476],
       [ 0.78899586, -0.6843827 ],
       [ 0.7580639 ,  0.65877795],
       [ 0.77943355,  0.35450932],
       [-0.01733808, -0.76731956],
       [-0.02320287, -0.79000205],
       [ 0.76720107, -0.6974032 ],
       [ 0.78292334, -0.7529092 ],
       [-0.0349982 , -0.7522129 ],
       [-0.06167214, -0.73415184],
       [-0.25233614, -0.76978207],
       [ 0.12417816, -0.7998964 ],
       [ 0.32479483, -0.7561833 ],
       [-0.08086423, -0.7442919 ],
       [-0.13105005, -0.75920147],
       [ 0.16766384, -0.7702808 ],
       [ 0.43435842, -0.7338685 ],
       [ 0.39387226, -0.7591804 ],
       [-0.00138921, -0.7504774 ],
       [-0.02697552, -0.7718811 ],
       [ 0.17419441, -0.76802075],
       [ 0.03564165, -0.7379608 ],
       [ 0.14924048, -0.74519813],
       [ 0.03328783, -0.77129114],
       [-0.14077885, -0.7609614 ],
       [ 0.19858763, -0.76883787],
       [-0.11027351, -0.7785294 ],
       [ 0.5054698 , -0.77918905],
       [ 0.6916822 , -0.7405658 ],
       [-0.08132964, -0.77280676],
       [ 0.1677344 , -0.7655075 ],
       [-0.17848024, -0.73380995],
       [ 0.04108112, -0.7597327 ],
       [ 0.07284886, -0.7517309 ],
       [ 0.04900532, -0.76614344],
       [ 0.3197399 , -0.7265191 ],
       [ 0.4028933 , -0.7759729 ],
       [-0.22637166, -0.75707996],
       [ 0.22125834, -0.7541128 ],
       [ 0.20421958, -0.7453088 ],
       [ 0.05876038, -0.7536141 ],
       [ 0.10702433, -0.7889664 ],
       [ 0.25012344, -0.7502594 ],
       [-0.04903743, -0.7791281 ],
       [ 0.12000869, -0.7915034 ],
       [-0.00984354, -0.78150743],
       [ 0.758626  , -0.7589876 ],
       [-0.04438995, -0.76712215],
       [ 0.28389785, -0.73767686],
       [ 0.2000722 , -0.76440156],
       [ 0.27792567, -0.7638386 ]], dtype=float32), 'hybrid_action': array([[-0.21619575, -0.04464655],
       [ 0.47437727,  0.23821534],
       [ 0.45894524,  0.13735375],
       [ 0.42947724,  0.26416457],
       [ 0.54499006,  0.1616128 ],
       [ 0.4272253 ,  0.2854533 ],
       [-0.38038567,  0.5080523 ],
       [-0.34737602, -0.12871599],
       [-0.3861028 , -0.05399542],
       [ 0.251346  ,  0.37762433],
       [ 0.3210743 ,  0.21710305],
       [-0.33766252,  0.32630825],
       [-0.3254285 ,  0.44709316],
       [ 0.13772476,  0.2643173 ],
       [ 0.10620008,  0.26426214],
       [ 0.22888409,  0.23323622],
       [ 0.05647674,  0.1866843 ],
       [-0.1485154 ,  0.14653832],
       [ 0.1852625 ,  0.17578587],
       [ 0.17069058,  0.18426464],
       [ 0.06960756,  0.1741304 ],
       [-0.10944949,  0.21722707],
       [-0.11578514,  0.15879768],
       [ 0.07546572,  0.11041437],
       [ 0.18916963,  0.11920194],
       [-0.03200561,  0.12480067],
       [ 0.09285612,  0.09987916],
       [ 0.02516764,  0.27405524],
       [-0.03956306,  0.08317411],
       [ 0.11991622,  0.13422166],
       [-0.03563315,  0.19777101],
       [ 0.17874876,  0.08581559],
       [-0.09050677,  0.2879681 ],
       [-0.31978932,  0.21775621],
       [ 0.16630116,  0.13366061],
       [-0.1086574 ,  0.14194758],
       [ 0.17980678,  0.11952681],
       [ 0.01855652,  0.13899758],
       [-0.04102233,  0.163521  ],
       [ 0.08217148,  0.0927318 ],
       [-0.03892815,  0.1742168 ],
       [-0.19837055,  0.19397114],
       [ 0.16602544,  0.12915263],
       [-0.00159642,  0.18191336],
       [-0.08377468,  0.09321196],
       [ 0.02656434,  0.07854859],
       [ 0.05852321,  0.13244064],
       [-0.11902437,  0.15592074],
       [ 0.14893316,  0.11012924],
       [-0.02958817,  0.08413437],
       [ 0.1931412 ,  0.1565119 ],
       [-0.34207377,  0.2929848 ],
       [ 0.12222173,  0.13277037],
       [-0.04310328,  0.17590858],
       [ 0.04783146,  0.13907458],
       [-0.04897592,  0.15772748]], dtype=float32)}",4.342775408103411,56.10000000000001
5600,807.3063135014828,"{0: [0, 0, 0, 0, 0, 0, 0, 0, 0, 0, 1, 1, 9, 7, 6, 29, 139, 195, 113, 41, 16, 4, 0, 0, 0, 0, 0, 0, 0, 0]}",[807.3063135014828],"{'state': array([[ 0.00000000e+00,  0.00000000e+00,  0.00000000e+00,
         0.00000000e+00,  0.00000000e+00],
       [-2.06005108e-02, -9.99929845e-01,  1.18435072e-02,
        -2.65082091e-01, -3.82011414e-01],
       [ 2.12945845e-02, -9.98573422e-01, -5.33956774e-02,
         7.29122400e-01,  1.07656240e+00],
       [ 2.42485926e-01, -9.42029238e-01, -3.35530728e-01,
         1.59052372e+00,  1.80891085e+00],
       [ 5.71796894e-01, -8.03041697e-01, -5.95922828e-01,
         2.27808595e+00,  1.53860319e+00],
       [ 1.03668773e+00, -6.79863870e-01, -7.33338296e-01,
         2.88763142e+00,  4.37227458e-01],
       [ 1.71939528e+00, -7.26546645e-01, -6.87117100e-01,
         3.61377263e+00, -1.03200269e+00],
       [ 1.85540235e+00, -9.41239357e-01,  3.37740302e-01,
        -6.57489359e-01, -7.08975792e+00],
       [ 1.75570118e+00, -3.51501673e-01,  9.36187267e-01,
        -8.57257903e-01, -6.01198149e+00],
       [ 1.59055948e+00,  4.11595106e-01,  9.11366820e-01,
        -1.24759352e+00, -3.71878004e+00],
       [ 1.40626192e+00,  8.23689461e-01,  5.67041159e-01,
        -7.04976559e-01, -2.20582867e+00],
       [ 1.30198276e+00,  9.65256751e-01,  2.61303276e-01,
        -3.90133977e-01, -1.51035404e+00],
       [ 1.20476174e+00,  9.97200370e-01,  7.47761875e-02,
        -6.87340558e-01, -6.77165210e-01],
       [ 1.01427495e+00,  9.99551952e-01,  2.99320165e-02,
        -1.21655071e+00,  2.05626860e-01],
       [ 8.29677939e-01,  9.99955237e-01,  9.46477149e-03,
        -7.26125896e-01, -4.31059361e-01],
       [ 6.03914082e-01,  9.99679804e-01,  2.53036376e-02,
        -1.42436969e+00,  5.90316713e-01],
       [ 3.67220074e-01,  9.96064782e-01,  8.86282027e-02,
        -9.44092393e-01,  7.67468065e-02],
       [ 2.33751461e-01,  9.96724665e-01,  8.08697715e-02,
        -6.25972569e-01, -1.71761885e-01],
       [ 1.22791283e-01,  9.97917473e-01,  6.45040199e-02,
        -6.06583297e-01, -1.80537272e-02],
       [ 4.80753835e-03,  9.96603966e-01,  8.23437646e-02,
        -6.35732651e-01,  2.14940786e-01],
       [-6.28901422e-02,  9.96936977e-01,  7.82092735e-02,
        -1.60630345e-01, -2.65565276e-01],
       [-1.11320034e-01,  9.97420490e-01,  7.17801750e-02,
        -3.49020809e-01,  1.94620401e-01],
       [-1.26793921e-01,  9.98409808e-01,  5.63720986e-02,
         1.67290404e-01, -3.83081019e-01],
       [-1.19278319e-01,  9.99550939e-01,  2.99662258e-02,
        -8.32477808e-02,  7.73907900e-02],
       [-1.20012946e-01,  9.99544919e-01,  3.01657654e-02,
         7.45989978e-02, -7.49521628e-02],
       [-1.09514080e-01,  9.99625742e-01,  2.73560900e-02,
         4.21137735e-02,  4.24344316e-02],
       [-8.29330459e-02,  9.99933422e-01,  1.15377121e-02,
         2.70914912e-01, -2.35433176e-01],
       [-5.77824041e-02,  9.99995947e-01,  2.84696976e-03,
         2.51486972e-02,  1.29422694e-01],
       [-3.54868211e-02,  9.99999940e-01, -2.94059893e-04,
         2.37211183e-01, -1.67731255e-01],
       [-1.17848217e-02,  9.99997079e-01, -2.40811217e-03,
         1.23334760e-02,  1.44451216e-01],
       [ 1.70333050e-02,  9.99853313e-01, -1.71277449e-02,
         3.26986372e-01, -3.23986679e-01],
       [ 3.52333486e-02,  9.99732375e-01, -2.31344569e-02,
        -1.12741515e-01,  2.50676692e-01],
       [ 3.81073579e-02,  9.99883235e-01, -1.52802747e-02,
         1.44509628e-01, -1.59799904e-01],
       [ 4.60153259e-02,  9.99747336e-01, -2.24770233e-02,
        -5.64895160e-02,  7.65134618e-02],
       [ 1.06484611e-02,  9.99680281e-01,  2.52859909e-02,
        -3.37459922e-01,  4.76096809e-01],
       [ 1.32492138e-02,  9.99647260e-01,  2.65577473e-02,
         3.68021101e-01, -4.60555077e-01],
       [ 4.81925756e-02,  9.99960721e-01, -8.86448566e-03,
         2.09740791e-02,  5.07355183e-02],
       [ 6.30860478e-02,  9.99825180e-01, -1.86992083e-02,
         1.54433846e-01, -1.70697510e-01],
       [ 5.58186993e-02,  9.99995410e-01, -3.03853396e-03,
        -2.35505357e-01,  3.51904184e-01],
       [ 5.32050990e-02,  9.99993324e-01,  3.64736491e-03,
         2.04619274e-01, -2.70338953e-01],
       [ 4.54638600e-02,  9.99803305e-01,  1.98326241e-02,
        -2.90958464e-01,  4.57571685e-01],
       [ 5.56857176e-02,  9.99832034e-01,  1.83275528e-02,
         4.04556692e-01, -4.74978447e-01],
       [ 9.43218395e-02,  9.99846876e-01, -1.74998697e-02,
         2.54830047e-02,  6.04517199e-02],
       [ 9.47194770e-02,  9.99993443e-01, -3.61463660e-03,
        -2.13531386e-02,  1.00196034e-01],
       [ 1.00327060e-01,  9.99999583e-01, -8.90042691e-04,
         9.13959369e-02, -6.50255531e-02],
       [ 9.86386165e-02,  9.99903917e-01,  1.38639417e-02,
        -1.10459439e-01,  2.35709280e-01],
       [ 1.15247831e-01,  9.99981225e-01,  6.12551533e-03,
         3.06009978e-01, -3.30107421e-01],
       [ 1.38815060e-01,  9.99963284e-01, -8.57091695e-03,
        -4.38405573e-02,  1.60068274e-01],
       [ 1.48588508e-01,  9.99979377e-01, -6.42634928e-03,
         1.52387023e-01, -1.35253236e-01],
       [ 1.52965471e-01,  9.99998987e-01,  1.41986075e-03,
        -1.06482118e-01,  2.21630216e-01],
       [ 1.58782870e-01,  9.99976873e-01,  6.80397358e-03,
         1.71003461e-01, -1.59331545e-01],
       [ 1.80174112e-01,  9.99972999e-01, -7.34525593e-03,
         5.44797555e-02,  3.55635327e-03],
       [ 1.94585726e-01,  9.99860108e-01, -1.67279448e-02,
         1.25837862e-01, -1.24669664e-01],
       [ 2.09557816e-01,  9.99445617e-01, -3.32942232e-02,
         6.16212748e-02, -8.92371908e-02],
       [ 1.85132146e-01,  9.99984503e-01, -5.57152415e-03,
        -3.19344074e-01,  3.94565582e-01],
       [ 1.67720884e-01,  9.99958038e-01,  9.16066021e-03,
         1.14209086e-01, -2.14847133e-01],
       [ 1.63641080e-01,  9.99970853e-01,  7.63125019e-03,
        -1.62172973e-01,  1.96186021e-01]], dtype=float32), 'action': array([-0.17404775,  0.5671085 ,  0.48221108,  0.45876893,  0.39869335,
        0.405452  , -0.44296914, -0.34445554, -0.3822778 ,  0.30656433,
        0.19169824, -0.15991408, -0.26909313,  0.26712963, -0.34148702,
        0.2512513 ,  0.1985193 ,  0.0160733 , -0.01079578,  0.2933121 ,
       -0.09700538,  0.31712064, -0.14033158,  0.09765729, -0.01658981,
        0.13988397, -0.14828722,  0.12848365, -0.1219708 ,  0.18983123,
       -0.26762596,  0.14581008, -0.11626741, -0.16061811,  0.42894915,
       -0.19787663,  0.0798489 , -0.22378236,  0.2664846 , -0.282638  ,
        0.39914042, -0.21677482, -0.02751773,  0.07235359, -0.11500341,
        0.25284427, -0.20017534,  0.11171643, -0.14047886,  0.15899397,
       -0.06316904,  0.04505669, -0.04303596, -0.20783512,  0.26260582,
       -0.16674787,  0.09423731], dtype=float32), 'dt': array([15, 18, 19, 17, 18, 21, 21, 13, 16, 19, 19, 18, 20, 19, 21, 20, 17,
       18, 19, 17, 19, 17, 18, 17, 18, 17, 17, 17, 19, 17, 17, 18, 18, 18,
       17, 18, 17, 18, 17, 18, 18, 18, 18, 16, 18, 17, 18, 18, 19, 18, 19,
       16, 16, 19, 17, 17, 17], dtype=int32), 'latent_action': array([[ 0.7595662 ,  0.75754607],
       [-0.76764023, -0.7268044 ],
       [-0.760924  , -0.7793187 ],
       [-0.7441755 , -0.73660266],
       [-0.74603987, -0.750963  ],
       [-0.7769731 , -0.77144074],
       [ 0.7661439 , -0.42819977],
       [ 0.7440406 ,  0.6088664 ],
       [ 0.7712536 ,  0.17482804],
       [-0.19122867, -0.73734164],
       [ 0.17763366, -0.7605937 ],
       [ 0.6021404 , -0.74888194],
       [ 0.6279633 , -0.75675243],
       [-0.02596901, -0.7907636 ],
       [ 0.7657617 , -0.7903128 ],
       [-0.20371409, -0.7511724 ],
       [-0.14986463, -0.7460381 ],
       [ 0.23241436, -0.7664808 ],
       [ 0.22049212, -0.7487736 ],
       [-0.2695177 , -0.73582965],
       [ 0.28568348, -0.72346723],
       [-0.3587211 , -0.7162035 ],
       [ 0.36526865, -0.77262324],
       [-0.01721257, -0.71208274],
       [ 0.26020393, -0.775022  ],
       [-0.03498665, -0.7745    ],
       [ 0.40590182, -0.7517664 ],
       [-0.06249664, -0.7638464 ],
       [ 0.34245637, -0.7261566 ],
       [-0.073573  , -0.7795281 ],
       [ 0.59306514, -0.7639227 ],
       [-0.00657119, -0.7688198 ],
       [ 0.3628719 , -0.79114974],
       [ 0.26032603, -0.76400113],
       [-0.64360654, -0.75092   ],
       [ 0.4471373 , -0.76426625],
       [ 0.07369165, -0.7414873 ],
       [ 0.38365307, -0.7945386 ],
       [-0.14160274, -0.7591106 ],
       [ 0.3964919 , -0.757589  ],
       [-0.49102157, -0.7595373 ],
       [ 0.53578025, -0.77959263],
       [ 0.18314001, -0.75447035],
       [ 0.05603804, -0.7799862 ],
       [ 0.20118342, -0.7440367 ],
       [-0.33412036, -0.7541559 ],
       [ 0.37722132, -0.74203485],
       [-0.00904001, -0.7510553 ],
       [ 0.3025459 , -0.77590775],
       [-0.08429299, -0.7865652 ],
       [ 0.2846764 , -0.7852398 ],
       [ 0.14459006, -0.75812715],
       [ 0.26091167, -0.76909673],
       [ 0.43578333, -0.7625412 ],
       [-0.2549791 , -0.77762973],
       [ 0.3680777 , -0.77122474],
       [-0.05688844, -0.75548583]], dtype=float32), 'hybrid_action': array([[-0.17404775, -0.0450503 ],
       [ 0.5671085 ,  0.14368552],
       [ 0.48221108,  0.23583116],
       [ 0.45876893,  0.09969321],
       [ 0.39869335,  0.19538504],
       [ 0.405452  ,  0.36429697],
       [-0.44296914,  0.38700956],
       [-0.34445554, -0.14258601],
       [-0.3822778 ,  0.02382749],
       [ 0.30656433,  0.22607608],
       [ 0.19169824,  0.2739788 ],
       [-0.15991408,  0.19923085],
       [-0.26909313,  0.28778923],
       [ 0.26712963,  0.2585264 ],
       [-0.34148702,  0.35468546],
       [ 0.2512513 ,  0.29997936],
       [ 0.1985193 ,  0.08769987],
       [ 0.0160733 ,  0.17737499],
       [-0.01079578,  0.25570494],
       [ 0.2933121 ,  0.10337877],
       [-0.09700538,  0.2074192 ],
       [ 0.31712064,  0.1281337 ],
       [-0.14033158,  0.1810453 ],
       [ 0.09765729,  0.12660697],
       [-0.01658981,  0.19700223],
       [ 0.13988397,  0.07816096],
       [-0.14828722,  0.12665816],
       [ 0.12848365,  0.13133925],
       [-0.1219708 ,  0.2683482 ],
       [ 0.18983123,  0.13364504],
       [-0.26762596,  0.13575459],
       [ 0.14581008,  0.13968235],
       [-0.11626741,  0.19254996],
       [-0.16061811,  0.19301668],
       [ 0.42894915,  0.13064642],
       [-0.19787663,  0.15995751],
       [ 0.0798489 ,  0.09393608],
       [-0.22378236,  0.16178039],
       [ 0.2664846 ,  0.1189387 ],
       [-0.282638  ,  0.20647451],
       [ 0.39914042,  0.19142586],
       [-0.21677482,  0.20452502],
       [-0.02751773,  0.15138896],
       [ 0.07235359,  0.04998425],
       [-0.11500341,  0.16381766],
       [ 0.25284427,  0.08157117],
       [-0.20017534,  0.19599092],
       [ 0.11171643,  0.20383315],
       [-0.14047886,  0.26035672],
       [ 0.15899397,  0.19315758],
       [-0.06316904,  0.22911644],
       [ 0.04505669,  0.06845897],
       [-0.04303596,  0.05988502],
       [-0.20783512,  0.20820989],
       [ 0.26260582,  0.07598139],
       [-0.16674787,  0.09969914],
       [ 0.09423731,  0.09463427]], dtype=float32)}",4.11376830918628,56.10000000000001
5650,800.0155612790475,"{0: [0, 0, 0, 0, 0, 0, 0, 0, 0, 0, 0, 4, 5, 9, 3, 27, 129, 196, 111, 58, 17, 1, 0, 0, 0, 0, 0, 0, 0, 0]}",[800.0155612790475],"{'state': array([[ 0.00000000e+00,  0.00000000e+00,  0.00000000e+00,
         0.00000000e+00,  0.00000000e+00],
       [-1.37834502e-02, -9.99566436e-01,  2.94444207e-02,
        -3.30525011e-01, -4.56064910e-01],
       [ 8.35423998e-05, -9.99982595e-01, -5.90235554e-03,
         4.75710243e-01,  8.10979307e-01],
       [ 1.66355938e-01, -9.68264520e-01, -2.49927536e-01,
         1.36491704e+00,  1.80749238e+00],
       [ 5.10271788e-01, -8.15696537e-01, -5.78480065e-01,
         2.24541235e+00,  1.82932985e+00],
       [ 9.58326817e-01, -6.47869647e-01, -7.61751235e-01,
         3.02489448e+00,  9.93627787e-01],
       [ 1.66115677e+00, -6.31844640e-01, -7.75095046e-01,
         3.66911173e+00, -8.03849638e-01],
       [ 1.86737490e+00, -9.96659636e-01,  8.16671401e-02,
        -5.96530557e-01, -6.96202993e+00],
       [ 1.76578665e+00, -5.17479420e-01,  8.55695665e-01,
        -8.13347101e-01, -6.20004368e+00],
       [ 1.61810076e+00,  2.74569929e-01,  9.61567104e-01,
        -1.06855130e+00, -3.99458218e+00],
       [ 1.44949639e+00,  7.73087800e-01,  6.34298980e-01,
        -5.59224486e-01, -1.98654878e+00],
       [ 1.42336202e+00,  9.39118147e-01,  3.43594342e-01,
         2.88460314e-01, -1.72491419e+00],
       [ 1.47646582e+00,  9.95907128e-01,  9.03822109e-02,
         2.74343431e-01, -1.13409173e+00],
       [ 1.47414672e+00,  9.99046564e-01, -4.36579101e-02,
        -2.94615865e-01, -2.75233686e-01],
       [ 1.37291336e+00,  9.98626649e-01, -5.23914807e-02,
        -7.17501998e-01,  1.83297068e-01],
       [ 1.26327324e+00,  9.97591555e-01, -6.93619773e-02,
        -4.36255425e-01, -3.70365471e-01],
       [ 1.09934700e+00,  9.97716010e-01, -6.75480068e-02,
        -1.12498188e+00,  3.88656348e-01],
       [ 8.99318457e-01,  9.99925733e-01, -1.21871820e-02,
        -1.09869277e+00,  2.52340704e-01],
       [ 6.78731441e-01,  9.99164641e-01,  4.08660397e-02,
        -1.10839403e+00,  3.05231541e-01],
       [ 5.04006624e-01,  9.97380614e-01,  7.23321661e-02,
        -8.33665490e-01,  5.95193021e-02],
       [ 3.51729870e-01,  9.94512737e-01,  1.04615770e-01,
        -8.58946621e-01,  3.15343678e-01],
       [ 2.71429807e-01,  9.96883392e-01,  7.88892582e-02,
        -3.26786004e-02, -6.14780068e-01],
       [ 2.28887081e-01,  9.99590218e-01,  2.86258087e-02,
        -4.14092869e-01,  6.08947314e-02],
       [ 1.50419816e-01,  9.98576760e-01,  5.33334650e-02,
        -4.58273381e-01,  2.25164294e-01],
       [ 1.18384719e-01,  9.99444008e-01,  3.33423503e-02,
         1.02755494e-01, -4.56798494e-01],
       [ 1.04474708e-01,  9.99999464e-01, -1.01568771e-03,
        -2.48427957e-01,  7.85198212e-02],
       [ 7.46459365e-02,  9.99983549e-01, -5.74018573e-03,
        -1.02407955e-01, -1.36143386e-01],
       [ 3.01571283e-02,  9.99996066e-01,  2.80281762e-03,
        -3.66078883e-01,  2.30190918e-01],
       [-1.60753354e-02,  9.99832869e-01,  1.82832051e-02,
        -1.47941947e-01, -5.10706492e-02],
       [-6.15024418e-02,  9.99143958e-01,  4.13691923e-02,
        -3.57272536e-01,  3.18222970e-01],
       [-7.41138533e-02,  9.99375522e-01,  3.53354774e-02,
         2.09019393e-01, -3.91902655e-01],
       [-6.73504993e-02,  9.99891937e-01,  1.47001613e-02,
        -1.33445546e-01,  1.53136745e-01],
       [-7.22987875e-02,  9.99819696e-01,  1.89892836e-02,
         7.83715546e-02, -1.03499472e-01],
       [-6.23019673e-02,  9.99947965e-01,  1.02013284e-02,
         2.70513035e-02,  6.74250303e-03],
       [-5.27872667e-02,  9.99980986e-01,  6.17077854e-03,
         8.49649087e-02, -5.59059270e-02],
       [-2.93791033e-02,  9.99879181e-01, -1.55445402e-02,
         1.75575420e-01, -1.95319265e-01],
       [-2.68060472e-02,  9.99914110e-01, -1.31077012e-02,
        -1.48539588e-01,  2.22145393e-01],
       [-3.34901996e-02,  9.99993384e-01, -3.63443443e-03,
         7.40716606e-02, -1.12544335e-01],
       [-6.45591393e-02,  9.99159873e-01,  4.09819782e-02,
        -3.85762334e-01,  5.81376970e-01],
       [-6.25075400e-02,  9.98675227e-01,  5.14567867e-02,
         4.11185771e-01, -4.45882231e-01],
       [ 6.51128218e-03,  9.99850810e-01, -1.72739364e-02,
         4.02134329e-01, -3.92708957e-01],
       [ 3.75552587e-02,  9.99426067e-01, -3.38745005e-02,
        -7.49752074e-02,  2.09809959e-01],
       [ 2.56453771e-02,  9.99993086e-01, -3.72557016e-03,
        -5.79819568e-02,  1.39047399e-01],
       [ 3.59721892e-02,  9.99951899e-01, -9.80550516e-03,
         1.79589748e-01, -2.13201642e-01],
       [ 4.94399704e-02,  9.99689877e-01, -2.49023326e-02,
        -2.96284091e-02,  3.84982638e-02],
       [ 3.83212939e-02,  9.99892771e-01, -1.46459714e-02,
        -9.41252038e-02,  8.01816285e-02],
       [ 2.43992414e-02,  9.99979854e-01, -6.35060621e-03,
        -6.98269531e-02,  2.10063122e-02],
       [ 1.91348232e-02,  9.99903381e-01, -1.39018064e-02,
         8.03973712e-03, -1.13113053e-01],
       [-1.20142624e-02,  9.99960601e-01,  8.87616724e-03,
        -3.36420119e-01,  3.63889605e-01],
       [-2.77277119e-02,  9.99908924e-01,  1.34961000e-02,
         1.61721483e-01, -3.10415715e-01],
       [-1.80580486e-02,  9.99889433e-01, -1.48712862e-02,
        -5.93102351e-02, -1.90406863e-03],
       [-4.67720740e-02,  9.99962926e-01,  8.60775355e-03,
        -2.60220319e-01,  2.73540288e-01],
       [-7.38387555e-02,  9.99430537e-01,  3.37431729e-02,
        -4.10507731e-02,  1.73606314e-02],
       [-5.98304123e-02,  9.99923468e-01,  1.23699540e-02,
         2.06276283e-01, -2.78164268e-01],
       [-4.92218435e-02,  9.99998927e-01,  1.46597554e-03,
        -8.12520534e-02,  1.45157039e-01]], dtype=float32), 'action': array([-0.2367528 ,  0.43343374,  0.5173624 ,  0.51663923,  0.5294565 ,
        0.36503467, -0.37053624, -0.30362   , -0.31003615,  0.2562981 ,
        0.4885443 ,  0.00474757, -0.29156622, -0.22116227,  0.14825815,
       -0.3427709 ,  0.01224756, -0.00407443,  0.16101852, -0.00842941,
        0.4791838 , -0.20310014, -0.02246615,  0.32391462, -0.18923976,
        0.0881612 , -0.143023  ,  0.1254805 , -0.11768652,  0.34554964,
       -0.19414952,  0.1223146 , -0.02680849,  0.03563375,  0.05150762,
       -0.17666006,  0.12674196, -0.23558065,  0.51583433, -0.00428825,
       -0.2603621 ,  0.00841915,  0.14336596, -0.12086075, -0.03825983,
        0.0139781 ,  0.04643843, -0.18688029,  0.285686  , -0.1198452 ,
       -0.11513541,  0.12681332,  0.15134828, -0.17359462,  0.13123932],
      dtype=float32), 'dt': array([14, 19, 18, 19, 17, 21, 21, 14, 16, 21, 19, 19, 20, 20, 19, 21, 18,
       20, 18, 18, 18, 19, 18, 18, 19, 17, 19, 18, 18, 17, 18, 18, 19, 17,
       18, 19, 18, 20, 16, 17, 19, 18, 17, 18, 18, 17, 17, 19, 18, 19, 18,
       18, 17, 17, 17], dtype=int32), 'latent_action': array([[ 0.72817016,  0.75313675],
       [-0.7512027 , -0.76677966],
       [-0.76588047, -0.7314733 ],
       [-0.77096343, -0.76701677],
       [-0.7644502 , -0.78200006],
       [-0.76351714, -0.7675387 ],
       [ 0.7863253 , -0.5529231 ],
       [ 0.7840347 ,  0.5252422 ],
       [ 0.7820229 ,  0.32292777],
       [-0.24394676, -0.771623  ],
       [-0.7701893 , -0.78604263],
       [ 0.3488468 , -0.7334477 ],
       [ 0.7639298 , -0.782789  ],
       [ 0.6185825 , -0.7647383 ],
       [ 0.07483028, -0.75100076],
       [ 0.7277314 , -0.7513166 ],
       [ 0.23827824, -0.7744903 ],
       [ 0.20532712, -0.75781447],
       [-0.09516978, -0.7776932 ],
       [-0.0032252 , -0.7888855 ],
       [-0.6426997 , -0.7625213 ],
       [ 0.47966832, -0.7752851 ],
       [ 0.17352715, -0.78571904],
       [-0.2737574 , -0.7538679 ],
       [ 0.47042605, -0.757789  ],
       [ 0.10083532, -0.7954945 ],
       [ 0.35682222, -0.7032236 ],
       [ 0.00586678, -0.73426044],
       [ 0.31353325, -0.76645046],
       [-0.4308018 , -0.8056374 ],
       [ 0.42509398, -0.7622256 ],
       [ 0.00196573, -0.75723654],
       [ 0.20255436, -0.77568126],
       [ 0.15058562, -0.75529015],
       [ 0.1731035 , -0.81239253],
       [ 0.48279032, -0.7766861 ],
       [ 0.00540814, -0.76774144],
       [ 0.39851153, -0.7664206 ],
       [-0.7815264 , -0.77947474],
       [ 0.32179877, -0.77143425],
       [ 0.6462411 , -0.74892336],
       [ 0.11531014, -0.77530056],
       [ 0.03872327, -0.7738231 ],
       [ 0.32078868, -0.75170475],
       [ 0.21693972, -0.7452557 ],
       [ 0.22063693, -0.7854651 ],
       [ 0.15288852, -0.7778158 ],
       [ 0.41875747, -0.73218364],
       [-0.16284907, -0.7702728 ],
       [ 0.44632804, -0.78483236],
       [ 0.3279069 , -0.75053287],
       [-0.06325294, -0.74342215],
       [ 0.00204338, -0.765717  ],
       [ 0.31149527, -0.7344296 ],
       [-0.02838969, -0.78981286]], dtype=float32), 'hybrid_action': array([[-0.2367528 , -0.10593232],
       [ 0.43343374,  0.2606568 ],
       [ 0.5173624 ,  0.18027681],
       [ 0.51663923,  0.2304711 ],
       [ 0.5294565 ,  0.09198863],
       [ 0.36503467,  0.35085493],
       [-0.37053624,  0.3761884 ],
       [-0.30362   , -0.11887527],
       [-0.31003615,  0.02977805],
       [ 0.2562981 ,  0.375219  ],
       [ 0.4885443 ,  0.22170934],
       [ 0.00474757,  0.2611406 ],
       [-0.29156622,  0.29492074],
       [-0.22116227,  0.31699026],
       [ 0.14825815,  0.21810995],
       [-0.3427709 ,  0.36575472],
       [ 0.01224756,  0.19915558],
       [-0.00407443,  0.32802972],
       [ 0.16101852,  0.16669433],
       [-0.00842941,  0.14747828],
       [ 0.4791838 ,  0.17591651],
       [-0.20310014,  0.23559849],
       [-0.02246615,  0.16493529],
       [ 0.32391462,  0.15919083],
       [-0.18923976,  0.22922628],
       [ 0.0881612 ,  0.13730934],
       [-0.143023  ,  0.21305735],
       [ 0.1254805 ,  0.17343408],
       [-0.11768652,  0.17526789],
       [ 0.34554964,  0.11611199],
       [-0.19414952,  0.15227777],
       [ 0.1223146 ,  0.15587413],
       [-0.02680849,  0.21876748],
       [ 0.03563375,  0.12161399],
       [ 0.05150762,  0.16475904],
       [-0.17666006,  0.22885281],
       [ 0.12674196,  0.16169411],
       [-0.23558065,  0.287079  ],
       [ 0.51583433,  0.05400711],
       [-0.00428825,  0.12365177],
       [-0.2603621 ,  0.26272216],
       [ 0.00841915,  0.18575534],
       [ 0.14336596,  0.11466576],
       [-0.12086075,  0.18499355],
       [-0.03825983,  0.17157002],
       [ 0.0139781 ,  0.13763201],
       [ 0.04643843,  0.07557379],
       [-0.18688029,  0.2151455 ],
       [ 0.285686  ,  0.14852925],
       [-0.1198452 ,  0.2693568 ],
       [-0.11513541,  0.195356  ],
       [ 0.12681332,  0.14437366],
       [ 0.15134828,  0.1307507 ],
       [-0.17359462,  0.10574079],
       [ 0.13123932,  0.08822809]], dtype=float32)}",12.268310302058687,56.00000000000001
5700,802.0509724971297,"{0: [0, 0, 0, 0, 0, 0, 0, 0, 0, 0, 0, 2, 6, 10, 6, 25, 135, 202, 99, 53, 14, 8, 0, 0, 0, 0, 0, 0, 0, 0]}",[802.0509724971297],"{'state': array([[ 0.00000000e+00,  0.00000000e+00,  0.00000000e+00,
         0.00000000e+00,  0.00000000e+00],
       [-4.93086353e-02, -9.99371827e-01,  3.54386605e-02,
        -3.33542407e-01, -4.28779334e-01],
       [-3.39214467e-02, -9.99973595e-01, -7.26962183e-03,
         5.03622711e-01,  8.83775234e-01],
       [ 1.44932106e-01, -9.62352991e-01, -2.71802664e-01,
         1.37122226e+00,  1.79659021e+00],
       [ 4.45178002e-01, -8.28299940e-01, -5.60284972e-01,
         2.15343761e+00,  1.80730379e+00],
       [ 8.76992941e-01, -6.64137423e-01, -7.47610509e-01,
         2.92543149e+00,  1.02134407e+00],
       [ 1.52581847e+00, -6.33022010e-01, -7.74133801e-01,
         3.56348157e+00, -6.29336238e-01],
       [ 1.88052857e+00, -9.99244273e-01, -3.88694182e-02,
        -4.57079470e-01, -6.99019814e+00],
       [ 1.79795337e+00, -6.44012213e-01,  7.65015244e-01,
        -7.63715088e-01, -6.66376400e+00],
       [ 1.65514815e+00,  2.07507685e-01,  9.78233397e-01,
        -1.05221856e+00, -4.56440830e+00],
       [ 1.45780194e+00,  7.86860824e-01,  6.17130518e-01,
        -8.59597743e-01, -2.26312661e+00],
       [ 1.31981015e+00,  9.43958223e-01,  3.30065012e-01,
        -5.91913402e-01, -1.33882618e+00],
       [ 1.21811843e+00,  9.91074800e-01,  1.33306757e-01,
        -4.75156337e-01, -8.89461696e-01],
       [ 1.10129619e+00,  9.99175966e-01,  4.05882187e-02,
        -8.21147144e-01, -1.86579287e-01],
       [ 9.34886634e-01,  9.99583364e-01,  2.88642161e-02,
        -9.30277288e-01,  5.74446395e-02],
       [ 7.69717932e-01,  9.99052346e-01,  4.35245857e-02,
        -9.05235112e-01,  1.12270430e-01],
       [ 6.35707498e-01,  9.99491394e-01,  3.18891518e-02,
        -5.83527029e-01, -2.47008771e-01],
       [ 5.06428361e-01,  9.99845743e-01,  1.75641533e-02,
        -7.76992202e-01,  8.92704055e-02],
       [ 3.55027437e-01,  9.98392344e-01,  5.66807985e-02,
        -9.06037211e-01,  3.63528401e-01],
       [ 2.44095892e-01,  9.98087347e-01,  6.18197210e-02,
        -3.26657832e-01, -3.03906918e-01],
       [ 1.77835301e-01,  9.99349535e-01,  3.60631309e-02,
        -4.52382475e-01, -1.05797024e-02],
       [ 1.03218473e-01,  9.99475896e-01,  3.23719084e-02,
        -3.76617521e-01, -3.21486183e-02],
       [ 1.40356626e-02,  9.97439623e-01,  7.15134665e-02,
        -6.73320532e-01,  5.10037482e-01],
       [-3.00094504e-02,  9.97642040e-01,  6.86318204e-02,
         2.09744632e-01, -5.41873157e-01],
       [-8.26479401e-03,  9.99990523e-01,  4.35574865e-03,
         3.31654325e-02, -2.02193305e-01],
       [-3.39507423e-02,  9.99897778e-01,  1.42971212e-02,
        -3.18765163e-01,  3.17195207e-01],
       [-5.64431362e-02,  9.99610722e-01,  2.78988779e-02,
         3.73491645e-02, -1.41547188e-01],
       [-6.41601384e-02,  9.99576151e-01,  2.91128810e-02,
        -1.23116225e-01,  1.55591771e-01],
       [-5.19921258e-02,  9.99889672e-01,  1.48552386e-02,
         2.51512617e-01, -3.12624156e-01],
       [-1.79137327e-02,  9.99691725e-01, -2.48297099e-02,
         1.08078927e-01, -1.24315172e-01],
       [ 2.23173900e-03,  9.98394847e-01, -5.66369034e-02,
         1.04671471e-01, -2.26139352e-01],
       [-3.74606773e-02,  9.99535263e-01, -3.04828361e-02,
        -5.02217233e-01,  5.01427054e-01],
       [-1.07980087e-01,  9.99570549e-01,  2.93029863e-02,
        -2.82568961e-01,  1.90327972e-01],
       [-1.28364995e-01,  9.99597847e-01,  2.83584297e-02,
         4.27609235e-02, -2.01849431e-01],
       [-1.34209037e-01,  9.99862134e-01,  1.66063420e-02,
        -1.07450172e-01,  6.58646226e-02],
       [-1.43631503e-01,  9.99823987e-01,  1.87605396e-02,
        -3.44646187e-03, -3.95814627e-02],
       [-1.41130611e-01,  9.99941051e-01,  1.08598582e-02,
         3.13982293e-02, -5.18310070e-02],
       [-1.38301000e-01,  9.99970257e-01,  7.71095231e-03,
         1.07820852e-04,  1.53995296e-02],
       [-1.42996341e-01,  9.99821365e-01,  1.89020000e-02,
        -5.90057299e-02,  1.29059538e-01],
       [-1.33980155e-01,  9.99845207e-01,  1.75943207e-02,
         1.65101513e-01, -1.45009264e-01],
       [-1.14895731e-01,  9.99951422e-01,  9.85856913e-03,
         4.71095927e-02,  5.55073023e-02],
       [-1.06175028e-01,  9.99779522e-01,  2.09978819e-02,
         5.52679151e-02,  8.03805366e-02],
       [-5.12138680e-02,  9.99641180e-01, -2.67867502e-02,
         5.56391954e-01, -6.33248448e-01],
       [-1.48199620e-02,  9.98250902e-01, -5.91194704e-02,
        -1.91651121e-01,  2.92816818e-01],
       [-5.43420911e-02,  9.99960124e-01, -8.93005636e-03,
        -2.48521492e-01,  2.88216233e-01],
       [-8.08494985e-02,  9.99852598e-01,  1.71681996e-02,
        -4.65515330e-02,  1.37365703e-02],
       [-8.71894136e-02,  9.99780118e-01,  2.09707916e-02,
        -2.81107966e-02,  3.26541625e-02],
       [-7.94312805e-02,  9.99916971e-01,  1.28864935e-02,
         1.14479162e-01, -1.26196593e-01],
       [-6.02098107e-02,  9.99975860e-01, -6.94827689e-03,
         1.12045571e-01, -1.15741685e-01],
       [-5.13881184e-02,  9.99905944e-01, -1.37144178e-02,
        -1.90347694e-02,  4.12423424e-02],
       [-6.19513057e-02,  9.99998093e-01,  1.94782927e-03,
        -1.05545066e-01,  1.49802938e-01],
       [-6.06196001e-02,  9.99999940e-01,  4.22413694e-04,
         1.21239103e-01, -1.68404415e-01],
       [-4.97390777e-02,  9.99881566e-01, -1.53906466e-02,
         7.08007487e-03, -2.44888254e-02],
       [-6.38464093e-02,  9.99999881e-01, -4.67184465e-04,
        -1.64137051e-01,  1.97146982e-01],
       [-7.86701813e-02,  9.99880016e-01,  1.54919578e-02,
        -1.05768926e-02, -2.46891263e-03],
       [-8.56600106e-02,  9.99648988e-01,  2.64940728e-02,
        -6.73149899e-02,  1.29773274e-01]], dtype=float32), 'action': array([-0.23593518,  0.47515348,  0.48009938,  0.51305014,  0.52373123,
        0.37800708, -0.38185817, -0.36308384, -0.36209998,  0.08100162,
        0.16854328,  0.07762925, -0.192163  , -0.0568074 ,  0.01677833,
        0.18658863, -0.10319441, -0.07130045,  0.33552685, -0.07276034,
        0.04568122, -0.17610279,  0.4836228 , -0.09850336, -0.20064932,
        0.2304886 , -0.08981383,  0.20457476, -0.078076  , -0.00463847,
       -0.31562445,  0.12557246,  0.19897175, -0.0843633 ,  0.06419286,
        0.0209543 , -0.01725371, -0.03709086,  0.13695371, -0.06653167,
        0.0060126 ,  0.2864415 , -0.38828143, -0.03487899,  0.11579455,
        0.01248662,  0.08272843, -0.00126175, -0.07175531, -0.05278729,
        0.13738406, -0.06963151, -0.09848014,  0.09348705, -0.0310031 ,
        0.16181001], dtype=float32), 'dt': array([14, 18, 19, 17, 17, 20, 22, 13, 16, 21, 19, 19, 18, 19, 18, 18, 19,
       18, 18, 17, 18, 17, 19, 18, 18, 16, 18, 19, 19, 19, 20, 18, 17, 18,
       17, 18, 18, 16, 17, 18, 17, 18, 20, 18, 18, 17, 18, 17, 19, 17, 17,
       17, 18, 17, 18, 18], dtype=int32), 'latent_action': array([[ 0.7795711 ,  0.78749406],
       [-0.76680815, -0.7474243 ],
       [-0.76618207, -0.78041387],
       [-0.7523411 , -0.72987676],
       [-0.7559189 , -0.7265916 ],
       [-0.75743   , -0.74535084],
       [ 0.79930663, -0.54959154],
       [ 0.7966081 ,  0.604594  ],
       [ 0.8096076 ,  0.13995998],
       [ 0.18664674, -0.7829056 ],
       [ 0.04990437, -0.7732168 ],
       [ 0.09387352, -0.7869668 ],
       [ 0.3792081 , -0.75002694],
       [ 0.17377624, -0.76308864],
       [ 0.06740753, -0.75060636],
       [-0.02423964, -0.7657335 ],
       [ 0.346945  , -0.7603359 ],
       [ 0.21214572, -0.79424286],
       [-0.2301104 , -0.7851494 ],
       [ 0.2994067 , -0.769459  ],
       [ 0.22002418, -0.75664824],
       [ 0.26168516, -0.76848334],
       [-0.79034877, -0.77421236],
       [ 0.41343984, -0.78842247],
       [ 0.33454117, -0.7442236 ],
       [-0.15661484, -0.76887965],
       [ 0.29526725, -0.72298956],
       [-0.10097104, -0.7708398 ],
       [ 0.2972824 , -0.75767505],
       [ 0.39959884, -0.7578871 ],
       [ 0.67130077, -0.7847811 ],
       [-0.05210143, -0.7519024 ],
       [-0.03192214, -0.77871877],
       [ 0.3107255 , -0.7381365 ],
       [ 0.15198958, -0.7752306 ],
       [ 0.18272522, -0.78057647],
       [ 0.20266522, -0.78216434],
       [ 0.20220938, -0.7636107 ],
       [-0.11091279, -0.74029446],
       [ 0.2487039 , -0.77387595],
       [ 0.07404698, -0.7502854 ],
       [-0.22583614, -0.7872578 ],
       [ 0.75257546, -0.6437432 ],
       [ 0.18965356, -0.7779182 ],
       [-0.06029316, -0.76712555],
       [ 0.0619092 , -0.76108754],
       [ 0.06979531, -0.78159565],
       [ 0.26932466, -0.77965075],
       [ 0.27920255, -0.77370965],
       [ 0.24883024, -0.7601935 ],
       [ 0.01561561, -0.7509461 ],
       [ 0.30596754, -0.7253005 ],
       [ 0.37744892, -0.7722945 ],
       [ 0.02432782, -0.7394345 ],
       [ 0.17752127, -0.7764691 ],
       [-0.041502  , -0.73674315]], dtype=float32), 'hybrid_action': array([[-0.23593518, -0.0814617 ],
       [ 0.47515348,  0.18538798],
       [ 0.48009938,  0.21058288],
       [ 0.51305014,  0.07518192],
       [ 0.52373123,  0.09595297],
       [ 0.37800708,  0.2831797 ],
       [-0.38185817,  0.4297698 ],
       [-0.36308384, -0.15078172],
       [-0.36209998,  0.05087719],
       [ 0.08100162,  0.38048553],
       [ 0.16854328,  0.21135442],
       [ 0.07762925,  0.25810665],
       [-0.192163  ,  0.16241935],
       [-0.0568074 ,  0.22675647],
       [ 0.01677833,  0.20363669],
       [ 0.18658863,  0.19934483],
       [-0.10319441,  0.22347587],
       [-0.07130045,  0.1627239 ],
       [ 0.33552685,  0.14348973],
       [-0.07276034,  0.12105224],
       [ 0.04568122,  0.17283517],
       [-0.17610279,  0.13732679],
       [ 0.4836228 ,  0.22270475],
       [-0.09850336,  0.17664509],
       [-0.20064932,  0.19636324],
       [ 0.2304886 ,  0.06258384],
       [-0.08981383,  0.18084528],
       [ 0.20457476,  0.2485206 ],
       [-0.078076  ,  0.2371144 ],
       [-0.00463847,  0.22294737],
       [-0.31562445,  0.2896191 ],
       [ 0.12557246,  0.19403994],
       [ 0.19897175,  0.13142891],
       [-0.0843633 ,  0.20322013],
       [ 0.06419286,  0.10419665],
       [ 0.0209543 ,  0.19051391],
       [-0.01725371,  0.16049851],
       [-0.03709086,  0.06032135],
       [ 0.13695371,  0.08652881],
       [-0.06653167,  0.14234631],
       [ 0.0060126 ,  0.11329987],
       [ 0.2864415 ,  0.1976829 ],
       [-0.38828143,  0.3447793 ],
       [-0.03487899,  0.15175606],
       [ 0.11579455,  0.14392206],
       [ 0.01248662,  0.09994926],
       [ 0.08272843,  0.1858489 ],
       [-0.00126175,  0.07495661],
       [-0.07175531,  0.22493112],
       [-0.05278729,  0.08286206],
       [ 0.13738406,  0.10029645],
       [-0.06963151,  0.13481192],
       [-0.09848014,  0.18642753],
       [ 0.09348705,  0.10451627],
       [-0.0310031 ,  0.20302576],
       [ 0.16181001,  0.14832355]], dtype=float32)}",14.188643937334152,56.00000000000001
5750,809.8856408831462,"{0: [0, 0, 0, 0, 0, 0, 0, 0, 0, 0, 1, 2, 7, 10, 6, 27, 129, 183, 136, 42, 15, 3, 0, 0, 0, 0, 0, 0, 0, 0]}",[809.8856408831462],"{'state': array([[ 0.00000000e+00,  0.00000000e+00,  0.00000000e+00,
         0.00000000e+00,  0.00000000e+00],
       [-2.68298648e-02, -9.99559104e-01,  2.96916906e-02,
        -2.79860973e-01, -3.79486918e-01],
       [ 9.72295087e-03, -9.99302149e-01, -3.73522490e-02,
         6.63100719e-01,  1.05249095e+00],
       [ 2.07955196e-01, -9.51020539e-01, -3.09127748e-01,
         1.53147817e+00,  1.88449860e+00],
       [ 5.36395252e-01, -8.01975429e-01, -5.97357035e-01,
         2.32519650e+00,  1.79281723e+00],
       [ 1.04141390e+00, -6.40846789e-01, -7.67668784e-01,
         2.99146461e+00,  5.77403069e-01],
       [ 1.74331331e+00, -6.82662427e-01, -7.30733871e-01,
         3.69245458e+00, -1.08393013e+00],
       [ 1.86176693e+00, -9.52754438e-01,  3.03741693e-01,
        -6.63396597e-01, -7.11296511e+00],
       [ 1.74722481e+00, -3.63499850e-01,  9.31594253e-01,
        -1.07177091e+00, -6.29442263e+00],
       [ 1.51271558e+00,  5.08915246e-01,  8.60816598e-01,
        -1.58821607e+00, -3.69222808e+00],
       [ 1.23486757e+00,  8.20729494e-01,  5.71316957e-01,
        -1.89893031e+00, -1.74309731e+00],
       [ 9.12986755e-01,  9.37945843e-01,  3.46781790e-01,
        -1.48708808e+00, -1.04639900e+00],
       [ 6.58200443e-01,  9.81669247e-01,  1.90592393e-01,
        -1.19195700e+00, -7.40462005e-01],
       [ 3.76801550e-01,  9.91498291e-01,  1.30119756e-01,
        -1.48683012e+00,  1.25685319e-01],
       [ 1.43128037e-01,  9.93078113e-01,  1.17455542e-01,
        -9.72599149e-01, -2.66355962e-01],
       [-3.20402384e-02,  9.95533109e-01,  9.44133550e-02,
        -9.73254859e-01, -1.64327933e-03],
       [-2.11046711e-01,  9.93871450e-01,  1.10542208e-01,
        -9.11370277e-01,  1.80120140e-01],
       [-3.43214601e-01,  9.93313551e-01,  1.15447700e-01,
        -4.79990989e-01, -1.25705466e-01],
       [-4.16544110e-01,  9.95059431e-01,  9.92810801e-02,
        -3.34449261e-01, -6.24240078e-02],
       [-4.62805927e-01,  9.95638251e-01,  9.32979658e-02,
        -2.09691927e-01, -1.08970581e-02],
       [-4.97851074e-01,  9.93892193e-01,  1.10355452e-01,
        -2.02927649e-01,  2.19990835e-01],
       [-4.74859744e-01,  9.96329665e-01,  8.55990723e-02,
         4.90831196e-01, -5.41541398e-01],
       [-3.99254709e-01,  9.99788463e-01,  2.05667485e-02,
         3.50532174e-01, -2.11788520e-01],
       [-3.38094383e-01,  9.99919891e-01, -1.26572484e-02,
         3.29716593e-01, -1.72594547e-01],
       [-2.94854790e-01,  9.99755204e-01, -2.21242756e-02,
         1.25649318e-01,  6.83397204e-02],
       [-2.77616352e-01,  9.99992609e-01, -3.84030235e-03,
         5.54075241e-02,  1.32972240e-01],
       [-2.71292686e-01,  9.99706566e-01,  2.42233444e-02,
         1.84388235e-02,  2.09355414e-01],
       [-2.35079691e-01,  9.99848187e-01,  1.74247958e-02,
         4.07727182e-01, -2.92308480e-01],
       [-1.83667660e-01,  9.99998569e-01, -1.70461973e-03,
         1.63917318e-01,  7.09939077e-02],
       [-1.51271015e-01,  9.99973536e-01,  7.27530196e-03,
         1.95858091e-01,  3.28957960e-02],
       [-9.38391015e-02,  9.99889731e-01, -1.48519827e-02,
         4.09169465e-01, -2.76495963e-01],
       [-4.11214642e-02,  9.99187350e-01, -4.03074771e-02,
         1.77120596e-01, -1.81667563e-02],
       [-1.39435558e-02,  9.98855770e-01, -4.78244759e-02,
         1.42767325e-01, -7.36102164e-02],
       [-1.73970386e-02,  9.99563515e-01, -2.95431782e-02,
        -1.83760256e-01,  2.96823978e-01],
       [-4.21048887e-02,  9.99966085e-01,  8.23916402e-03,
        -9.15544778e-02,  1.40314206e-01],
       [-3.77024636e-02,  9.99985993e-01,  5.29076811e-03,
         1.43402681e-01, -1.76274568e-01],
       [-1.93612985e-02,  9.99872565e-01, -1.59638412e-02,
         4.05012369e-02, -4.70758975e-02],
       [-2.57558078e-02,  9.99966800e-01, -8.14965926e-03,
        -1.11712277e-01,  1.37485206e-01],
       [-4.54907492e-02,  9.99871671e-01,  1.60202459e-02,
        -1.08067177e-01,  1.42142415e-01],
       [-2.48107594e-02,  9.99908209e-01, -1.35493381e-02,
         3.38453948e-01, -4.84254062e-01],
       [-3.97808701e-02,  9.99998271e-01,  1.87369587e-03,
        -4.81390506e-01,  6.39393091e-01],
       [-7.13969544e-02,  9.99093950e-01,  4.25587483e-02,
         1.08606569e-01, -1.42779455e-01],
       [-5.42467535e-02,  9.99643266e-01,  2.67087389e-02,
         1.06063128e-01, -6.19254187e-02],
       [-3.53264809e-02,  9.99803364e-01,  1.98304374e-02,
         1.16663262e-01, -2.19944827e-02],
       [-1.60241872e-02,  9.99736965e-01,  2.29342002e-02,
         9.77425426e-02,  5.79085164e-02],
       [ 2.14333069e-02,  9.99976695e-01,  6.82741776e-03,
         3.43249649e-01, -2.54407793e-01],
       [ 7.59622231e-02,  9.99618888e-01, -2.76050791e-02,
         2.31496036e-01, -1.24713860e-01],
       [ 1.10292383e-01,  9.98817980e-01, -4.86067943e-02,
         1.72801703e-01, -1.31649569e-01],
       [ 1.18276931e-01,  9.98695433e-01, -5.10629229e-02,
        -8.86948407e-02,  1.04562037e-01],
       [ 8.74924585e-02,  9.99838591e-01, -1.79680325e-02,
        -2.96728164e-01,  3.22945058e-01],
       [ 3.81254889e-02,  9.99412775e-01,  3.42647322e-02,
        -2.52875149e-01,  2.81414390e-01],
       [ 2.89995465e-02,  9.99151528e-01,  4.11853679e-02,
         1.31066769e-01, -1.86386883e-01],
       [ 6.13899939e-02,  9.99998748e-01,  1.56660448e-03,
         2.29649678e-01, -2.72106707e-01],
       [ 9.27029997e-02,  9.99364018e-01, -3.56582068e-02,
         1.19048916e-01, -1.58648551e-01],
       [ 8.37620720e-02,  9.99552071e-01, -2.99268756e-02,
        -2.13287041e-01,  2.21789524e-01],
       [ 4.90011461e-02,  9.99999523e-01, -9.65845655e-04,
        -1.53251082e-01,  9.70844775e-02]], dtype=float32), 'action': array([-0.19581547,  0.5082749 ,  0.5101624 ,  0.5241026 ,  0.4139662 ,
        0.3937806 , -0.31107947, -0.5182411 , -0.431422  , -0.1996897 ,
        0.25016987,  0.1774977 , -0.1342504 ,  0.28741094,  0.00685273,
        0.04053481,  0.24171427,  0.09066483,  0.08221955,  0.01111648,
        0.4532726 , -0.07661146, -0.01161577, -0.11179326, -0.03896049,
       -0.02167428,  0.23715141, -0.13889015,  0.01847006,  0.11537012,
       -0.13461763, -0.02384924, -0.20039473,  0.05199708,  0.14272118,
       -0.05336115, -0.08789475,  0.00235107,  0.2554816 , -0.40269348,
        0.35875228,  0.00078008,  0.00803839, -0.00933832,  0.1496834 ,
       -0.06127101, -0.03816941, -0.14518222, -0.13620542,  0.02562857,
        0.26597178,  0.05786861, -0.06442624, -0.18240112,  0.03146941,
       -0.02203942], dtype=float32), 'dt': array([14, 19, 18, 17, 19, 21, 21, 13, 18, 16, 19, 19, 21, 19, 18, 19, 19,
       18, 17, 17, 16, 18, 18, 19, 19, 17, 17, 18, 18, 19, 18, 17, 17, 18,
       17, 20, 18, 18, 18, 21, 17, 16, 17, 18, 17, 19, 17, 19, 16, 18, 15,
       18, 18, 19, 19, 18], dtype=int32), 'latent_action': array([[ 0.7341689 ,  0.7382388 ],
       [-0.77503717, -0.7599143 ],
       [-0.7861318 , -0.7724104 ],
       [-0.7229873 , -0.77175635],
       [-0.7366344 , -0.7692864 ],
       [-0.7739644 , -0.7681265 ],
       [ 0.7391973 , -0.49885976],
       [ 0.7675571 ,  0.6354816 ],
       [ 0.77375233,  0.10700852],
       [ 0.46676132,  0.180938  ],
       [ 0.00216499, -0.78924716],
       [ 0.09203102, -0.7799988 ],
       [ 0.47806352, -0.78668666],
       [-0.09533729, -0.78928554],
       [ 0.16802427, -0.731138  ],
       [ 0.17578831, -0.75732136],
       [-0.14070782, -0.7820586 ],
       [ 0.0840382 , -0.74740463],
       [ 0.10030038, -0.7345865 ],
       [ 0.06691449, -0.7489155 ],
       [-0.5807198 , -0.7837404 ],
       [ 0.40634793, -0.7696011 ],
       [ 0.31991798, -0.7672156 ],
       [ 0.41347173, -0.77070034],
       [ 0.26975098, -0.7701896 ],
       [ 0.1308669 , -0.7830101 ],
       [-0.24021187, -0.7768203 ],
       [ 0.3994546 , -0.77932537],
       [ 0.16565107, -0.7516055 ],
       [ 0.03471963, -0.78205955],
       [ 0.40831167, -0.7551858 ],
       [ 0.25360844, -0.74643767],
       [ 0.44870108, -0.71600723],
       [ 0.03071686, -0.76346236],
       [ 0.05741089, -0.7107944 ],
       [ 0.30757827, -0.7604543 ],
       [ 0.28513354, -0.7563128 ],
       [ 0.16255899, -0.73862237],
       [-0.15504627, -0.7957281 ],
       [ 0.7623898 , -0.7520065 ],
       [-0.50434434, -0.76717216],
       [ 0.08580007, -0.78009033],
       [ 0.10737689, -0.752952  ],
       [ 0.06353245, -0.792326  ],
       [-0.09127462, -0.77631325],
       [ 0.20641285, -0.7415862 ],
       [ 0.3017936 , -0.78357446],
       [ 0.49676573, -0.78194064],
       [ 0.29729939, -0.7687836 ],
       [ 0.03157738, -0.73418355],
       [-0.33333686, -0.7316332 ],
       [ 0.1585319 , -0.7607663 ],
       [ 0.40420392, -0.78868735],
       [ 0.45070058, -0.78949463],
       [ 0.21050227, -0.77355397],
       [ 0.11839714, -0.7772353 ]], dtype=float32), 'hybrid_action': array([[-0.19581547, -0.07697962],
       [ 0.5082749 ,  0.26935866],
       [ 0.5101624 ,  0.20132199],
       [ 0.5241026 ,  0.13586874],
       [ 0.4139662 ,  0.23235433],
       [ 0.3937806 ,  0.3874117 ],
       [-0.31107947,  0.39043325],
       [-0.5182411 , -0.15672904],
       [-0.431422  ,  0.15911295],
       [-0.1996897 ,  0.00516988],
       [ 0.25016987,  0.25100213],
       [ 0.1774977 ,  0.25500882],
       [-0.1342504 ,  0.37611738],
       [ 0.28741094,  0.25973576],
       [ 0.00685273,  0.16231416],
       [ 0.04053481,  0.23418793],
       [ 0.24171427,  0.2156739 ],
       [ 0.09066483,  0.17659011],
       [ 0.08221955,  0.12098058],
       [ 0.01111648,  0.11907362],
       [ 0.4532726 ,  0.04395393],
       [-0.07661146,  0.16472296],
       [-0.01161577,  0.17442368],
       [-0.11179326,  0.20731948],
       [-0.03896049,  0.21936327],
       [-0.02167428,  0.1006007 ],
       [ 0.23715141,  0.07562972],
       [-0.13889015,  0.16357459],
       [ 0.01847006,  0.18958025],
       [ 0.11537012,  0.21269502],
       [-0.13461763,  0.17632227],
       [-0.02384924,  0.13734356],
       [-0.20039473,  0.11351198],
       [ 0.05199708,  0.16495538],
       [ 0.14272118,  0.13714772],
       [-0.05336115,  0.2944881 ],
       [-0.08789475,  0.20334256],
       [ 0.00235107,  0.19600175],
       [ 0.2554816 ,  0.16661264],
       [-0.40269348,  0.35196185],
       [ 0.35875228,  0.12817337],
       [ 0.00078008,  0.04448939],
       [ 0.00803839,  0.13260226],
       [-0.00933832,  0.1732431 ],
       [ 0.1496834 ,  0.11682641],
       [-0.06127101,  0.2475985 ],
       [-0.03816941,  0.12165015],
       [-0.14518222,  0.2289062 ],
       [-0.13620542,  0.05064694],
       [ 0.02562857,  0.14633772],
       [ 0.26597178, -0.00810924],
       [ 0.05786861,  0.16171424],
       [-0.06442624,  0.20352373],
       [-0.18240112,  0.25234455],
       [ 0.03146941,  0.24471934],
       [-0.02203942,  0.16557276]], dtype=float32)}",5.012940959292116,56.1
5800,805.7898124316073,"{0: [0, 0, 0, 0, 0, 0, 0, 0, 0, 0, 1, 2, 9, 7, 3, 28, 129, 211, 107, 41, 19, 4, 0, 0, 0, 0, 0, 0, 0, 0]}",[805.7898124316073],"{'state': array([[ 0.00000000e+00,  0.00000000e+00,  0.00000000e+00,
         0.00000000e+00,  0.00000000e+00],
       [-2.15772483e-02, -9.99292612e-01,  3.76062095e-02,
        -2.71484017e-01, -3.64651501e-01],
       [ 1.31128933e-02, -9.99576151e-01, -2.91130878e-02,
         6.35148823e-01,  1.03454709e+00],
       [ 2.08937511e-01, -9.52746451e-01, -3.03766638e-01,
         1.53254175e+00,  1.93001974e+00],
       [ 5.26703060e-01, -8.08588445e-01, -5.88374615e-01,
         2.19938254e+00,  1.69038832e+00],
       [ 9.89323080e-01, -6.57099783e-01, -7.53803611e-01,
         2.94054413e+00,  7.07640886e-01],
       [ 1.60790908e+00, -6.63353086e-01, -7.48306572e-01,
         3.57076573e+00, -7.91938365e-01],
       [ 1.87337685e+00, -9.91853058e-01,  1.27387092e-01,
        -5.74969590e-01, -7.07803917e+00],
       [ 1.76414263e+00, -4.57335591e-01,  8.89294207e-01,
        -9.42761421e-01, -6.39226770e+00],
       [ 1.54847693e+00,  4.72785205e-01,  8.81177723e-01,
        -1.38463354e+00, -3.70074034e+00],
       [ 1.26766014e+00,  8.62811327e-01,  5.05526006e-01,
        -1.30599999e+00, -1.70589256e+00],
       [ 1.05831015e+00,  9.58876252e-01,  2.83824503e-01,
        -1.01765811e+00, -1.09037316e+00],
       [ 8.71921122e-01,  9.91667032e-01,  1.28827557e-01,
        -9.41507459e-01, -6.53625906e-01],
       [ 6.56337798e-01,  9.96415436e-01,  8.45950544e-02,
        -1.32693744e+00,  1.64518237e-01],
       [ 4.47517365e-01,  9.97136295e-01,  7.56256878e-02,
        -8.70971978e-01, -2.63652772e-01],
       [ 2.72463799e-01,  9.98419285e-01,  5.62045947e-02,
        -9.71281946e-01,  4.94391769e-02],
       [ 9.05609652e-02,  9.96987581e-01,  7.75610358e-02,
        -9.43947911e-01,  1.86185628e-01],
       [-6.03488199e-02,  9.94622231e-01,  1.03569165e-01,
        -7.33378232e-01,  1.16032258e-01],
       [-1.51702121e-01,  9.95968997e-01,  8.96982849e-02,
        -2.81357914e-01, -2.77393371e-01],
       [-2.09431276e-01,  9.97663200e-01,  6.83239847e-02,
        -3.59647244e-01,  2.94179227e-02],
       [-2.63098270e-01,  9.97277200e-01,  7.37441331e-02,
        -2.36767516e-01,  3.34537774e-02],
       [-3.05090308e-01,  9.95280743e-01,  9.70371887e-02,
        -2.30283380e-01,  2.36960992e-01],
       [-2.65551120e-01,  9.99031186e-01,  4.40082848e-02,
         6.70831323e-01, -8.53063524e-01],
       [-2.00192139e-01,  9.99699950e-01, -2.44939514e-02,
        -1.56795960e-02,  1.33119151e-01],
       [-2.01771110e-01,  9.99974251e-01, -7.17749400e-03,
        -3.23661370e-03,  7.81243816e-02],
       [-2.05761194e-01,  9.99934435e-01,  1.14488341e-02,
        -4.14844640e-02,  1.37363940e-01],
       [-1.93369657e-01,  9.99955356e-01,  9.44642723e-03,
         1.87303722e-01, -1.61786124e-01],
       [-1.65487200e-01,  9.99953151e-01, -9.68260970e-03,
         1.06616683e-01, -4.88126986e-02],
       [-1.43371895e-01,  9.99663174e-01, -2.59534884e-02,
         1.39445901e-01, -1.39450088e-01],
       [-1.40560776e-01,  9.99671280e-01, -2.56390329e-02,
        -1.09858178e-01,  1.42907560e-01],
       [-1.69075891e-01,  9.99957502e-01,  9.21853725e-03,
        -2.07699537e-01,  2.60393739e-01],
       [-1.75649077e-01,  9.99885142e-01,  1.51557112e-02,
         1.34534433e-01, -1.91684544e-01],
       [-1.46025524e-01,  9.99645054e-01, -2.66420115e-02,
         1.95480824e-01, -2.91901439e-01],
       [-1.59789771e-01,  9.99843657e-01, -1.76816098e-02,
        -3.33326250e-01,  3.86101931e-01],
       [-2.09045947e-01,  9.99294698e-01,  3.75517234e-02,
        -2.47239172e-01,  2.87724674e-01],
       [-2.30938986e-01,  9.97759581e-01,  6.69012815e-02,
        -2.69797500e-02,  9.17235836e-02],
       [-1.98193163e-01,  9.99224007e-01,  3.93878408e-02,
         4.36831981e-01, -4.47556138e-01],
       [-1.35866269e-01,  9.99940336e-01, -1.09226499e-02,
         2.20334902e-01, -1.06386051e-01],
       [-1.07848011e-01,  9.99863565e-01, -1.65180359e-02,
         9.10977349e-02,  4.16413993e-02],
       [-9.76121128e-02,  9.99995351e-01, -3.04845953e-03,
         2.23549828e-02,  1.14196382e-01],
       [-7.71849081e-02,  9.99978483e-01, -6.56064181e-03,
         2.04684183e-01, -1.54824108e-01],
       [-3.79014388e-02,  9.99077976e-01, -4.29320559e-02,
         2.58182913e-01, -2.88948804e-01],
       [-4.29332703e-02,  9.99495506e-01, -3.17609087e-02,
        -3.11395943e-01,  4.12081778e-01],
       [-7.95091316e-02,  9.99939740e-01,  1.09773520e-02,
        -9.58869308e-02,  8.23933259e-02],
       [-7.38233551e-02,  9.99984622e-01, -5.54183032e-03,
         1.56096295e-01, -2.64257640e-01],
       [-6.30352497e-02,  9.99460101e-01, -3.28565538e-02,
        -4.19315957e-02, -3.65516990e-02],
       [-8.98940340e-02,  9.99828160e-01, -1.85380075e-02,
        -2.56797045e-01,  2.02275053e-01],
       [-1.30751640e-01,  9.99949455e-01,  1.00517599e-02,
        -2.24442154e-01,  1.46460190e-01],
       [-1.63856536e-01,  9.99554873e-01,  2.98329052e-02,
        -1.43803328e-01,  8.24439451e-02],
       [-1.73513517e-01,  9.99568939e-01,  2.93578394e-02,
         2.30977871e-02, -8.85758027e-02],
       [-1.75177023e-01,  9.99601483e-01,  2.82299444e-02,
        -4.05827723e-02,  7.61527196e-02],
       [-1.46299079e-01,  9.99986589e-01, -5.18442038e-03,
         3.62143844e-01, -4.62813467e-01],
       [-1.40773222e-01,  9.99983668e-01, -5.71759325e-03,
        -3.06861848e-01,  4.57191944e-01],
       [-1.55729517e-01,  9.99802411e-01,  1.98777653e-02,
         1.30392477e-01, -1.44930795e-01],
       [-1.28718421e-01,  9.99960780e-01, -8.85651074e-03,
         1.70327231e-01, -1.87509134e-01],
       [-1.27868563e-01,  9.99997854e-01, -2.07102462e-03,
        -1.61021322e-01,  2.66009241e-01]], dtype=float32), 'action': array([-0.21828078,  0.48809913,  0.5261081 ,  0.44546086,  0.47811162,
        0.39108905, -0.37904972, -0.43533844, -0.37885287,  0.04773622,
        0.1879933 ,  0.0544948 , -0.20182915,  0.2526928 , -0.04990291,
        0.01936298,  0.1266891 ,  0.26532915, -0.03936996,  0.07518975,
        0.00957531,  0.52046776, -0.35293177,  0.0064345 , -0.02172945,
        0.139245  , -0.04373335,  0.01755198, -0.13690521, -0.05653536,
        0.19658434,  0.03447171, -0.27390134,  0.05279128,  0.1452964 ,
        0.30204558, -0.11635482, -0.07485895, -0.03999106,  0.10395639,
        0.03069128, -0.31132182,  0.12253743,  0.13676436, -0.10865221,
       -0.12468156,  0.01928269,  0.04749105,  0.10939947, -0.03253497,
        0.23114847, -0.34495196,  0.26521644,  0.02322875, -0.18989304,
        0.14549324], dtype=float32), 'dt': array([13, 19, 18, 17, 18, 19, 22, 14, 19, 21, 18, 19, 19, 19, 19, 19, 18,
       18, 18, 18, 18, 18, 20, 17, 18, 17, 19, 18, 19, 18, 18, 18, 20, 17,
       16, 16, 19, 18, 18, 18, 17, 19, 18, 19, 19, 18, 17, 18, 16, 19, 18,
       20, 17, 18, 18, 16], dtype=int32), 'latent_action': array([[ 0.79989964,  0.7553252 ],
       [-0.708943  , -0.71469533],
       [-0.7623362 , -0.7618635 ],
       [-0.75602967, -0.76216054],
       [-0.77500033, -0.75901425],
       [-0.7725565 , -0.7394217 ],
       [ 0.7545184 , -0.588004  ],
       [ 0.7647215 ,  0.54748535],
       [ 0.78637934,  0.03243626],
       [ 0.2880016 , -0.7909149 ],
       [-0.03331735, -0.73839927],
       [ 0.18726788, -0.7838644 ],
       [ 0.51237667, -0.7549014 ],
       [-0.14609328, -0.7373487 ],
       [ 0.34976298, -0.7657546 ],
       [ 0.21036014, -0.77298516],
       [-0.01920335, -0.75570446],
       [-0.18652767, -0.7894474 ],
       [ 0.24178483, -0.75956553],
       [ 0.00546865, -0.7684628 ],
       [ 0.02407345, -0.7699641 ],
       [-0.67956877, -0.7550038 ],
       [ 0.74635476, -0.71118104],
       [ 0.12533371, -0.773355  ],
       [ 0.18641743, -0.7401717 ],
       [-0.02457872, -0.7777171 ],
       [ 0.32566392, -0.7582927 ],
       [ 0.22944401, -0.80213463],
       [ 0.4395521 , -0.79479146],
       [ 0.23447442, -0.77027863],
       [-0.06887887, -0.8067633 ],
       [ 0.2770661 , -0.7701381 ],
       [ 0.6571834 , -0.7640173 ],
       [ 0.03622332, -0.7245729 ],
       [-0.20899399, -0.740564  ],
       [-0.3173711 , -0.74404895],
       [ 0.49082923, -0.74310637],
       [ 0.26929972, -0.78421885],
       [ 0.2101464 , -0.7789616 ],
       [-0.00477396, -0.7535311 ],
       [ 0.28980413, -0.7355736 ],
       [ 0.62466943, -0.7597052 ],
       [-0.03902687, -0.78170407],
       [ 0.08353662, -0.76525694],
       [ 0.43850344, -0.78757405],
       [ 0.32226133, -0.7768457 ],
       [ 0.15562995, -0.7339401 ],
       [ 0.06842413, -0.751911  ],
       [ 0.03190063, -0.7375878 ],
       [ 0.2499122 , -0.7563888 ],
       [-0.034627  , -0.8368852 ],
       [ 0.71794295, -0.7389339 ],
       [-0.23167668, -0.7691705 ],
       [ 0.24070947, -0.764814  ],
       [ 0.40946183, -0.75907475],
       [-0.11113933, -0.747652  ]], dtype=float32), 'hybrid_action': array([[-0.21828078, -0.1482017 ],
       [ 0.48809913,  0.25645673],
       [ 0.5261081 ,  0.20122188],
       [ 0.44546086,  0.10991582],
       [ 0.47811162,  0.19136137],
       [ 0.39108905,  0.25403237],
       [-0.37904972,  0.42281157],
       [-0.43533844, -0.10798199],
       [-0.37885287,  0.23924346],
       [ 0.04773622,  0.39649203],
       [ 0.1879933 ,  0.20147836],
       [ 0.0544948 ,  0.24859162],
       [-0.20182915,  0.21873137],
       [ 0.2526928 ,  0.23092799],
       [-0.04990291,  0.24296053],
       [ 0.01936298,  0.23934264],
       [ 0.1266891 ,  0.17956194],
       [ 0.26532915,  0.15938735],
       [-0.03936996,  0.15084343],
       [ 0.07518975,  0.14089054],
       [ 0.00957531,  0.17309546],
       [ 0.52046776,  0.15516847],
       [-0.35293177,  0.2823398 ],
       [ 0.0064345 ,  0.12783557],
       [-0.02172945,  0.20462094],
       [ 0.139245  ,  0.08735467],
       [-0.04373335,  0.24214713],
       [ 0.01755198,  0.20593041],
       [-0.13690521,  0.23071758],
       [-0.05653536,  0.19101211],
       [ 0.19658434,  0.14162506],
       [ 0.03447171,  0.20426624],
       [-0.27390134,  0.31609148],
       [ 0.05279128,  0.13019073],
       [ 0.1452964 ,  0.0323519 ],
       [ 0.30204558,  0.00687459],
       [-0.11635482,  0.26828536],
       [-0.07485895,  0.16370003],
       [-0.03999106,  0.18091466],
       [ 0.10395639,  0.14235811],
       [ 0.03069128,  0.1311048 ],
       [-0.31132182,  0.25809723],
       [ 0.12253743,  0.19446756],
       [ 0.13676436,  0.24779488],
       [-0.10865221,  0.2636456 ],
       [-0.12468156,  0.14324632],
       [ 0.01928269,  0.1188174 ],
       [ 0.04749105,  0.16213   ],
       [ 0.10939947,  0.05545387],
       [-0.03253497,  0.21216708],
       [ 0.23114847,  0.151678  ],
       [-0.34495196,  0.3436982 ],
       [ 0.26521644,  0.08437388],
       [ 0.02322875,  0.17805646],
       [-0.18989304,  0.14392571],
       [ 0.14549324,  0.06784935]], dtype=float32)}",8.019666981774701,56.10000000000001
5850,804.6611414024314,"{0: [0, 0, 0, 0, 0, 0, 0, 0, 0, 0, 1, 3, 0, 11, 6, 25, 131, 193, 133, 36, 16, 5, 0, 0, 0, 0, 0, 0, 0, 0]}",[804.6611414024314],"{'state': array([[ 0.00000000e+00,  0.00000000e+00,  0.00000000e+00,
         0.00000000e+00,  0.00000000e+00],
       [-8.36631004e-03, -9.99528646e-01,  3.07003167e-02,
        -2.08183244e-01, -2.89556473e-01],
       [ 4.35405895e-02, -9.98504758e-01, -5.46643920e-02,
         7.52589583e-01,  1.14640892e+00],
       [ 2.47240260e-01, -9.45561409e-01, -3.25443715e-01,
         1.63603425e+00,  1.97623658e+00],
       [ 6.14959896e-01, -7.76141107e-01, -6.30559266e-01,
         2.44213653e+00,  1.74515963e+00],
       [ 1.15670764e+00, -6.11156583e-01, -7.91509688e-01,
         3.26113963e+00,  5.80372214e-01],
       [ 1.87605536e+00, -6.88693702e-01, -7.25052357e-01,
         1.73475802e+00, -3.31205511e+00],
       [ 1.84963357e+00, -9.61724937e-01,  2.74016649e-01,
        -7.25357234e-01, -6.95503330e+00],
       [ 1.74099803e+00, -4.66303140e-01,  8.84625018e-01,
        -1.05949831e+00, -6.26587534e+00],
       [ 1.52126491e+00,  4.09923881e-01,  9.12119746e-01,
        -1.43134224e+00, -3.73298120e+00],
       [ 1.23907804e+00,  8.25140893e-01,  5.64927042e-01,
        -1.27445960e+00, -1.66473591e+00],
       [ 1.06139064e+00,  9.47195292e-01,  3.20657253e-01,
        -5.92081308e-01, -1.35409307e+00],
       [ 9.45756912e-01,  9.92535055e-01,  1.21959783e-01,
        -5.60758829e-01, -7.87203908e-01],
       [ 8.04562807e-01,  9.98976350e-01,  4.52357791e-02,
        -9.23970580e-01, -5.97694255e-02],
       [ 6.11649990e-01,  9.98306811e-01,  5.81677929e-02,
        -1.00544977e+00,  1.95807129e-01],
       [ 4.62519884e-01,  9.98724103e-01,  5.04987203e-02,
        -5.64172387e-01, -2.80402064e-01],
       [ 3.32940161e-01,  9.98706341e-01,  5.08495569e-02,
        -8.75604928e-01,  2.84456581e-01],
       [ 1.98636979e-01,  9.95811522e-01,  9.14299935e-02,
        -7.05238163e-01,  2.11895868e-01],
       [ 1.34799942e-01,  9.97875988e-01,  6.51426986e-02,
        -4.52262573e-02, -5.33902109e-01],
       [ 9.98502821e-02,  9.99920070e-01,  1.26447584e-02,
        -3.21546108e-01, -4.43726629e-02],
       [ 3.04499976e-02,  9.99808252e-01,  1.95824504e-02,
        -4.09133464e-01,  1.20754920e-01],
       [-4.31347489e-02,  9.99053299e-01,  4.35030386e-02,
        -3.65967453e-01,  1.42728001e-01],
       [-8.10231715e-02,  9.99117494e-01,  4.20025475e-02,
        -7.97524974e-02, -1.61045626e-01],
       [-9.48785320e-02,  9.99754071e-01,  2.21778173e-02,
        -8.28636140e-02, -8.08868259e-02],
       [-1.16982184e-01,  9.99740899e-01,  2.27627009e-02,
        -1.62743390e-01,  8.76525939e-02],
       [-1.14874206e-01,  9.99998868e-01, -1.50157360e-03,
         1.88019186e-01, -3.83665204e-01],
       [-1.35307893e-01,  9.99995887e-01,  2.86416826e-03,
        -3.92447531e-01,  4.29528415e-01],
       [-1.75940141e-01,  9.99112427e-01,  4.21226360e-02,
        -8.63637999e-02,  4.95641679e-02],
       [-1.70280039e-01,  9.99558687e-01,  2.97064409e-02,
         1.49512440e-01, -1.93322122e-01],
       [-1.62761867e-01,  9.99584138e-01,  2.88366247e-02,
        -6.59563318e-02,  1.83251455e-01],
       [-1.62923470e-01,  9.98666406e-01,  5.16274013e-02,
         6.36026338e-02,  9.49960053e-02],
       [-1.20219931e-01,  9.99592543e-01,  2.85442602e-02,
         4.70628828e-01, -3.93294185e-01],
       [-5.23162521e-02,  9.99881744e-01, -1.53784417e-02,
         2.84766823e-01, -1.14881724e-01],
       [ 1.33839082e-02,  9.97991979e-01, -6.33400232e-02,
         4.46206331e-01, -4.40341473e-01],
       [ 2.00939178e-02,  9.98604357e-01, -5.28138503e-02,
        -3.79356623e-01,  5.51272273e-01],
       [-3.98434810e-02,  9.99585688e-01,  2.87833661e-02,
        -2.88283139e-01,  3.92978787e-01],
       [-4.66816761e-02,  9.99090910e-01,  4.26300429e-02,
         2.07544193e-01, -2.23886952e-01],
       [-1.00226263e-02,  9.99944627e-01,  1.05214929e-02,
         2.00443372e-01, -1.47709757e-01],
       [ 2.77688820e-02,  9.99805331e-01, -1.97303277e-02,
         2.44755372e-01, -2.21298516e-01],
       [ 5.37163690e-02,  9.99202013e-01, -3.99409533e-02,
         4.39774841e-02, -1.26610436e-02],
       [ 4.41895500e-02,  9.99673665e-01, -2.55449209e-02,
        -1.50130734e-01,  1.79317266e-01],
       [ 2.59358883e-02,  9.99947667e-01, -1.02315107e-02,
        -5.30061089e-02, -2.13447469e-03],
       [ 8.28740129e-04,  9.99954522e-01,  9.53700114e-03,
        -2.11710796e-01,  2.19769120e-01],
       [-1.49888471e-02,  9.99779165e-01,  2.10159048e-02,
         2.53907219e-02, -7.97198638e-02],
       [-1.43352449e-02,  9.99862671e-01,  1.65706202e-02,
        -1.80356130e-02,  2.82840487e-02],
       [-2.83323741e-03,  9.99993384e-01,  3.63406981e-03,
         1.46103308e-01, -1.77957654e-01],
       [ 1.01199988e-02,  9.99954283e-01, -9.56009701e-03,
        -9.46128462e-03,  3.26934122e-02],
       [-2.80800313e-02,  9.98737991e-01,  5.02242632e-02,
        -3.93918902e-01,  6.25569701e-01],
       [-3.54624502e-02,  9.96613801e-01,  8.22252035e-02,
         3.00977886e-01, -2.11132154e-01],
       [ 3.77903432e-02,  9.99706447e-01,  2.42274161e-02,
         6.15776956e-01, -5.38885236e-01],
       [ 1.20519035e-01,  9.99599576e-01, -2.82969270e-02,
         2.56205857e-01, -3.94597575e-02],
       [ 1.70452490e-01,  9.98688519e-01, -5.11978976e-02,
         3.31689686e-01, -2.40066558e-01],
       [ 1.84168845e-01,  9.99220252e-01, -3.94834988e-02,
        -1.87567100e-01,  3.69235218e-01],
       [ 1.69441685e-01,  9.99977052e-01, -6.77183736e-03,
         1.36699323e-02,  2.98434459e-02],
       [ 1.84418514e-01,  9.99758720e-01, -2.19664443e-02,
         1.62823036e-01, -2.15186685e-01],
       [ 1.93362951e-01,  9.99246418e-01, -3.88144553e-02,
        -6.82936236e-02,  2.95796562e-02]], dtype=float32), 'action': array([-1.46231294e-01,  5.18510699e-01,  5.50407708e-01,  5.07002473e-01,
        5.00612557e-01,  3.65794629e-01, -3.28916550e-01, -4.63300914e-01,
       -3.50966632e-01,  8.58378634e-02,  3.97410452e-01,  2.97300443e-02,
       -1.91327646e-01, -3.84821855e-02,  2.42923453e-01, -1.74685523e-01,
        1.08048394e-01,  4.05171961e-01, -1.47131249e-01, -4.63819727e-02,
        2.55467780e-02,  1.76260412e-01,  3.36863101e-04, -4.41410877e-02,
        2.13103026e-01, -2.98932016e-01,  1.86865568e-01,  1.37404919e-01,
       -1.21217385e-01,  8.12349916e-02,  2.64593750e-01, -1.05833866e-01,
        8.96593630e-02, -4.29308951e-01,  5.12591898e-02,  3.02695096e-01,
       -2.21860292e-03,  2.65202429e-02, -1.16895825e-01, -1.13293514e-01,
        5.43101728e-02, -8.60489681e-02,  1.44606292e-01, -2.35386230e-02,
        9.45815220e-02, -8.45169276e-02, -2.07009509e-01,  4.51639324e-01,
        2.06187546e-01, -1.95011929e-01,  4.29657660e-02, -2.84600347e-01,
        1.20234199e-01,  8.93100128e-02, -1.27362758e-01, -8.04598108e-02],
      dtype=float32), 'dt': array([15, 19, 17, 18, 19, 21, 18, 12, 18, 21, 19, 20, 19, 20, 19, 18, 17,
       17, 19, 19, 19, 17, 17, 18, 17, 20, 17, 18, 18, 17, 16, 18, 18, 20,
       18, 17, 18, 17, 18, 18, 18, 19, 17, 18, 18, 19, 19, 16, 16, 19, 17,
       19, 17, 17, 19, 17], dtype=int32), 'latent_action': array([[ 0.7577144 ,  0.75059426],
       [-0.7485591 , -0.7307662 ],
       [-0.7506515 , -0.75454026],
       [-0.7813299 , -0.7511869 ],
       [-0.73679614, -0.7518613 ],
       [-0.74641436, -0.6934861 ],
       [ 0.7535677 ,  0.10608269],
       [ 0.731455  ,  0.6331729 ],
       [ 0.78201795,  0.04570065],
       [ 0.03023274, -0.7477632 ],
       [-0.46675622, -0.76196194],
       [ 0.20618533, -0.7660742 ],
       [ 0.4491746 , -0.78828645],
       [ 0.1944982 , -0.7625577 ],
       [-0.14262617, -0.75114244],
       [ 0.42667782, -0.7585099 ],
       [ 0.01135181, -0.78175807],
       [-0.46602413, -0.73906267],
       [ 0.425508  , -0.7600852 ],
       [ 0.25832766, -0.7864976 ],
       [ 0.19616318, -0.77192664],
       [-0.00767421, -0.7678329 ],
       [ 0.22307356, -0.7395489 ],
       [ 0.24874629, -0.77904946],
       [-0.02539491, -0.785451  ],
       [ 0.6801195 , -0.7845472 ],
       [-0.17321686, -0.75626993],
       [-0.0082488 , -0.79226744],
       [ 0.34437424, -0.77126837],
       [-0.1275323 , -0.7818016 ],
       [-0.43566695, -0.77548754],
       [ 0.3854744 , -0.76321423],
       [ 0.16917217, -0.7273108 ],
       [ 0.75871664, -0.6794296 ],
       [ 0.06408638, -0.77463794],
       [-0.49454254, -0.7491573 ],
       [ 0.17661078, -0.7443475 ],
       [ 0.18998584, -0.7932384 ],
       [ 0.410435  , -0.75240093],
       [ 0.31186938, -0.74289465],
       [ 0.10476118, -0.79253745],
       [ 0.27534533, -0.7326739 ],
       [-0.0189517 , -0.7507991 ],
       [ 0.1802756 , -0.7651698 ],
       [ 0.01716158, -0.7593385 ],
       [ 0.36624828, -0.7521682 ],
       [ 0.258776  , -0.76512146],
       [-0.7441392 , -0.7585044 ],
       [-0.16576678, -0.7165704 ],
       [ 0.4850284 , -0.76693356],
       [ 0.1786956 , -0.76298064],
       [ 0.6133503 , -0.75802106],
       [-0.10507198, -0.75696343],
       [ 0.06239   , -0.77241147],
       [ 0.3259007 , -0.77013   ],
       [ 0.3666626 , -0.7634801 ]], dtype=float32), 'hybrid_action': array([[-1.46231294e-01, -5.66403531e-02],
       [ 5.18510699e-01,  2.64734358e-01],
       [ 5.50407708e-01,  1.31408244e-01],
       [ 5.07002473e-01,  1.53779030e-01],
       [ 5.00612557e-01,  2.15370774e-01],
       [ 3.65794629e-01,  3.59158009e-01],
       [-3.28916550e-01,  1.69447675e-01],
       [-4.63300914e-01, -2.63957292e-01],
       [-3.50966632e-01,  1.67857438e-01],
       [ 8.58378634e-02,  3.52236748e-01],
       [ 3.97410452e-01,  2.48033613e-01],
       [ 2.97300443e-02,  3.13860953e-01],
       [-1.91327646e-01,  2.10517183e-01],
       [-3.84821855e-02,  2.79330790e-01],
       [ 2.42923453e-01,  2.39675313e-01],
       [-1.74685523e-01,  1.81939751e-01],
       [ 1.08048394e-01,  1.00148223e-01],
       [ 4.05171961e-01,  1.14482537e-01],
       [-1.47131249e-01,  2.34707728e-01],
       [-4.63819727e-02,  2.08898500e-01],
       [ 2.55467780e-02,  2.11584285e-01],
       [ 1.76260412e-01,  9.11365151e-02],
       [ 3.36863101e-04,  1.35418743e-01],
       [-4.41410877e-02,  1.72067627e-01],
       [ 2.13103026e-01,  9.03088525e-02],
       [-2.98932016e-01,  2.80117571e-01],
       [ 1.86865568e-01,  1.26578882e-01],
       [ 1.37404919e-01,  1.82611793e-01],
       [-1.21217385e-01,  1.67452440e-01],
       [ 8.12349916e-02,  1.26735613e-01],
       [ 2.64593750e-01,  1.01740351e-02],
       [-1.05833866e-01,  2.02147022e-01],
       [ 8.96593630e-02,  1.73076004e-01],
       [-4.29308951e-01,  3.44258368e-01],
       [ 5.12591898e-02,  1.54395297e-01],
       [ 3.02695096e-01,  7.36819804e-02],
       [-2.21860292e-03,  1.69812903e-01],
       [ 2.65202429e-02,  1.37822956e-01],
       [-1.16895825e-01,  1.74159050e-01],
       [-1.13293514e-01,  1.75155237e-01],
       [ 5.43101728e-02,  1.69899121e-01],
       [-8.60489681e-02,  2.06946656e-01],
       [ 1.44606292e-01,  8.23147967e-02],
       [-2.35386230e-02,  1.86438873e-01],
       [ 9.45815220e-02,  1.55349627e-01],
       [-8.45169276e-02,  2.37232223e-01],
       [-2.07009509e-01,  2.32493430e-01],
       [ 4.51639324e-01,  4.78950739e-02],
       [ 2.06187546e-01,  4.96965013e-02],
       [-1.95011929e-01,  2.08159804e-01],
       [ 4.29657660e-02,  1.05450951e-01],
       [-2.84600347e-01,  2.49155909e-01],
       [ 1.20234199e-01,  1.31853953e-01],
       [ 8.93100128e-02,  1.24693543e-01],
       [-1.27362758e-01,  2.25641191e-01],
       [-8.04598108e-02,  1.33942902e-01]], dtype=float32)}",10.092572742793447,56.00000000000001
5900,802.465816906436,"{0: [0, 0, 0, 0, 0, 0, 0, 0, 0, 1, 0, 4, 9, 4, 5, 33, 129, 185, 126, 43, 15, 7, 0, 0, 0, 0, 0, 0, 0, 0]}",[802.465816906436],"{'state': array([[ 0.00000000e+00,  0.00000000e+00,  0.00000000e+00,
         0.00000000e+00,  0.00000000e+00],
       [-8.65036715e-03, -9.99874473e-01,  1.58427879e-02,
        -1.04108989e-01, -1.47260770e-01],
       [ 4.57214713e-02, -9.97813642e-01, -6.60904869e-02,
         7.06401706e-01,  1.01963043e+00],
       [ 2.55590647e-01, -9.45373774e-01, -3.25988472e-01,
         1.49505651e+00,  1.63894534e+00],
       [ 5.97970843e-01, -8.09756577e-01, -5.86765945e-01,
         2.30272007e+00,  1.48995340e+00],
       [ 1.07283127e+00, -6.87910616e-01, -7.25795448e-01,
         2.97333789e+00,  4.86616671e-01],
       [ 1.74109018e+00, -7.16158330e-01, -6.97937846e-01,
         3.70895314e+00, -8.65222335e-01],
       [ 1.86136913e+00, -9.47556734e-01,  3.19587648e-01,
        -6.61703646e-01, -6.97268915e+00],
       [ 1.76258755e+00, -4.28404123e-01,  9.03587222e-01,
        -9.62780833e-01, -6.17432022e+00],
       [ 1.57119715e+00,  3.97627354e-01,  9.17546988e-01,
        -1.33349586e+00, -3.76987123e+00],
       [ 1.35392165e+00,  8.42600405e-01,  5.38539350e-01,
        -7.50450671e-01, -2.12243104e+00],
       [ 1.24061370e+00,  9.71578121e-01,  2.36719236e-01,
        -4.39206541e-01, -1.49865305e+00],
       [ 1.07966840e+00,  9.97263074e-01,  7.39344954e-02,
        -1.09089792e+00, -1.54059187e-01],
       [ 8.86511803e-01,  9.99174833e-01,  4.06152382e-02,
        -9.41597164e-01, -2.13417605e-01],
       [ 6.68122232e-01,  9.98642087e-01,  5.20957634e-02,
        -1.24254942e+00,  3.34121436e-01],
       [ 4.69612658e-01,  9.96958137e-01,  7.79386088e-02,
        -8.47619891e-01, -4.88254540e-02],
       [ 3.22278380e-01,  9.96846735e-01,  7.93512613e-02,
        -7.89457381e-01,  6.52190372e-02],
       [ 2.11218089e-01,  9.97308493e-01,  7.33194500e-02,
        -5.17016113e-01, -1.39028817e-01],
       [ 1.19812384e-01,  9.97610390e-01,  6.90907016e-02,
        -5.58263421e-01,  8.73268619e-02],
       [ 4.30411026e-02,  9.97768283e-01,  6.67717531e-02,
        -2.94705302e-01, -1.14219941e-01],
       [ 3.93920025e-04,  9.98794496e-01,  4.90874797e-02,
        -2.06679791e-01, -1.01855114e-01],
       [-4.15922552e-02,  9.98825908e-01,  4.84436788e-02,
        -2.59819239e-01,  9.43976343e-02],
       [-7.04528689e-02,  9.98684227e-01,  5.12811691e-02,
        -6.09170049e-02, -6.15192018e-02],
       [-5.60359657e-02,  9.99907196e-01,  1.36214066e-02,
         2.31275752e-01, -3.98196042e-01],
       [-5.70310727e-02,  9.99993443e-01,  3.62825440e-03,
        -2.41525531e-01,  2.88168788e-01],
       [-7.35820755e-02,  9.99809384e-01,  1.95238870e-02,
         5.72879612e-02, -1.04232423e-01],
       [-8.09263512e-02,  9.99523878e-01,  3.08542103e-02,
        -1.39120847e-01,  2.35331818e-01],
       [-6.85088336e-02,  9.99669909e-01,  2.56929919e-02,
         2.85307646e-01, -2.98321307e-01],
       [-3.97123732e-02,  9.99952137e-01,  9.78178345e-03,
         1.81624927e-02,  1.23137355e-01],
       [-1.77861843e-02,  9.99983490e-01,  5.74841909e-03,
         2.39869267e-01, -1.72333315e-01],
       [ 1.24218883e-02,  9.99965012e-01, -8.36350676e-03,
         1.15799129e-01,  1.98132271e-04],
       [ 2.97517963e-02,  9.99987483e-01, -5.00076218e-03,
         7.66859725e-02,  3.87054086e-02],
       [ 6.29781336e-02,  9.99639273e-01, -2.68570688e-02,
         2.73537695e-01, -2.79334068e-01],
       [ 6.05854429e-02,  9.99960780e-01, -8.85907281e-03,
        -2.99118549e-01,  4.77567077e-01],
       [ 5.36628179e-02,  9.99954045e-01,  9.58989561e-03,
         2.17305288e-01, -2.52506226e-01],
       [ 8.59208107e-02,  9.99615729e-01, -2.77191382e-02,
         1.86608911e-01, -2.29111493e-01],
       [ 9.01114196e-02,  9.99414265e-01, -3.42213735e-02,
        -1.39903903e-01,  1.53824270e-01],
       [ 5.80012836e-02,  9.99999523e-01, -9.71327943e-04,
        -2.38515228e-01,  2.51833051e-01],
       [ 2.54325811e-02,  9.99489665e-01,  3.19432914e-02,
        -1.24046296e-01,  1.29032150e-01],
       [ 2.92250197e-02,  9.99687076e-01,  2.50148084e-02,
         1.66326672e-01, -2.09230021e-01],
       [ 6.17757142e-02,  9.99908149e-01, -1.35539295e-02,
         1.96147352e-01, -2.36999884e-01],
       [ 7.08041191e-02,  9.99737859e-01, -2.28957888e-02,
        -9.56309140e-02,  1.28883347e-01],
       [ 5.22442609e-02,  9.99999106e-01, -1.34813436e-03,
        -1.11037381e-01,  1.20421946e-01],
       [ 3.26096341e-02,  9.99770463e-01,  2.14257110e-02,
        -1.20405279e-01,  1.57378644e-01],
       [ 3.05663720e-02,  9.99655426e-01,  2.62498874e-02,
         9.47713405e-02, -9.50804576e-02],
       [ 5.82507998e-02,  9.99995649e-01, -2.94636609e-03,
         2.31500894e-01, -2.61085719e-01],
       [ 8.74966234e-02,  9.99370754e-01, -3.54701057e-02,
         9.41330120e-02, -1.15288526e-01],
       [ 6.54063895e-02,  9.99974847e-01, -7.09168473e-03,
        -3.40174913e-01,  4.43759680e-01],
       [ 4.13968563e-02,  9.99781549e-01,  2.08996385e-02,
         5.71507737e-02, -1.02274418e-01],
       [ 5.22934608e-02,  9.99987543e-01,  4.98802634e-03,
         7.13571608e-02, -9.18246508e-02],
       [ 5.38360216e-02,  9.99984562e-01,  5.55260479e-03,
        -5.42275123e-02,  9.83531997e-02],
       [ 5.85345514e-02,  9.99993682e-01,  3.55615932e-03,
         1.09541409e-01, -1.22701950e-01],
       [ 7.88476840e-02,  9.99793410e-01, -2.03263517e-02,
         1.16656139e-01, -1.53606921e-01],
       [ 7.83826336e-02,  9.99734938e-01, -2.30218414e-02,
        -1.21488065e-01,  1.23914979e-01],
       [ 6.30633757e-02,  9.99895155e-01, -1.44807380e-02,
        -4.89039160e-02, -2.50884742e-02],
       [ 4.01456095e-02,  1.00000000e+00, -2.92525056e-05,
        -2.20999435e-01,  2.01368466e-01],
       [ 3.47386859e-02,  9.99926507e-01, -1.21253850e-02,
         1.57620117e-01, -3.48902345e-01]], dtype=float32), 'action': array([-0.08158711,  0.46297598,  0.44264448,  0.50319266,  0.43416926,
        0.4286151 , -0.32379058, -0.44110835, -0.36181626,  0.29846343,
        0.18890896, -0.31039047,  0.08481795, -0.15190561,  0.21852946,
        0.03866089,  0.17026265, -0.02007598,  0.15545635,  0.05730492,
       -0.02704079,  0.11721765,  0.17916659, -0.2556661 ,  0.17170422,
       -0.11060097,  0.25894436, -0.14356713,  0.13477372, -0.07519742,
       -0.02282804,  0.10560874, -0.31162316,  0.31268272, -0.02036021,
       -0.18890229, -0.06093151,  0.06653123,  0.16805868,  0.01746019,
       -0.16814455, -0.00965432, -0.00498145,  0.14004609,  0.08359677,
       -0.07988701, -0.24988975,  0.24102719,  0.00950229, -0.07146312,
        0.09946796,  0.00349592, -0.13057157,  0.04021472, -0.10470225,
        0.22880386, -0.31602296], dtype=float32), 'dt': array([13, 18, 19, 18, 18, 20, 21, 12, 17, 21, 19, 21, 19, 20, 19, 18, 17,
       17, 18, 17, 18, 18, 17, 19, 18, 18, 17, 19, 17, 17, 18, 19, 19, 17,
       16, 18, 17, 18, 18, 18, 18, 18, 17, 16, 17, 18, 18, 17, 17, 18, 17,
       18, 19, 18, 17, 17, 19], dtype=int32), 'latent_action': array([[ 0.7128683 ,  0.7528946 ],
       [-0.7675402 , -0.7466474 ],
       [-0.7600653 , -0.7335121 ],
       [-0.78912556, -0.7905342 ],
       [-0.7631602 , -0.78168595],
       [-0.77772665, -0.75358   ],
       [ 0.7720899 , -0.5081917 ],
       [ 0.7734057 ,  0.6983212 ],
       [ 0.73675174,  0.19292155],
       [-0.07692703, -0.78175545],
       [ 0.18937805, -0.7750187 ],
       [ 0.7244605 , -0.76632744],
       [ 0.14822596, -0.77561426],
       [ 0.47711077, -0.748899  ],
       [-0.16103978, -0.7662223 ],
       [ 0.23421492, -0.7052839 ],
       [-0.05163838, -0.7375246 ],
       [ 0.22542787, -0.7624159 ],
       [-0.03207458, -0.77560747],
       [ 0.16101485, -0.7829278 ],
       [ 0.19609076, -0.7326941 ],
       [ 0.02002803, -0.7428634 ],
       [ 0.00321161, -0.7731269 ],
       [ 0.50871414, -0.7604433 ],
       [-0.14621878, -0.76008826],
       [ 0.28041118, -0.7894548 ],
       [-0.27806538, -0.70296705],
       [ 0.2787703 , -0.7507115 ],
       [-0.0589153 , -0.7539652 ],
       [ 0.24793756, -0.7395747 ],
       [ 0.17293616, -0.762991  ],
       [ 0.07697442, -0.7639373 ],
       [ 0.5681274 , -0.78461474],
       [-0.40423572, -0.77026606],
       [ 0.26837182, -0.6930839 ],
       [ 0.4801825 , -0.7738793 ],
       [ 0.21218726, -0.755054  ],
       [-0.05101927, -0.7745786 ],
       [-0.17198507, -0.7929503 ],
       [ 0.15702699, -0.7968228 ],
       [ 0.4796853 , -0.75181854],
       [ 0.07561753, -0.77936697],
       [ 0.06936927, -0.7599641 ],
       [-0.08356085, -0.7567713 ],
       [ 0.12950356, -0.7769611 ],
       [ 0.3330137 , -0.7625127 ],
       [ 0.4646612 , -0.7699605 ],
       [-0.1665238 , -0.7698523 ],
       [ 0.14093317, -0.80766255],
       [ 0.17797509, -0.77852476],
       [ 0.06838492, -0.73146844],
       [ 0.23473355, -0.7998644 ],
       [ 0.43619674, -0.74913716],
       [ 0.20788622, -0.7469202 ],
       [ 0.33672062, -0.7488406 ],
       [ 0.03717257, -0.7527183 ],
       [ 0.6244203 , -0.7365312 ]], dtype=float32), 'hybrid_action': array([[-0.08158711, -0.1771753 ],
       [ 0.46297598,  0.18561937],
       [ 0.44264448,  0.23408347],
       [ 0.50319266,  0.16614199],
       [ 0.43416926,  0.17947704],
       [ 0.4286151 ,  0.3127395 ],
       [-0.32379058,  0.3944385 ],
       [-0.44110835, -0.24374677],
       [-0.36181626,  0.08749384],
       [ 0.29846343,  0.35904104],
       [ 0.18890896,  0.21899152],
       [-0.31039047,  0.35452697],
       [ 0.08481795,  0.22349219],
       [-0.15190561,  0.30618647],
       [ 0.21852946,  0.25222674],
       [ 0.03866089,  0.19411908],
       [ 0.17026265,  0.13159451],
       [-0.02007598,  0.13054316],
       [ 0.15545635,  0.14982828],
       [ 0.05730492,  0.10606   ],
       [-0.02704079,  0.15770479],
       [ 0.11721765,  0.14359567],
       [ 0.17916659,  0.13545634],
       [-0.2556661 ,  0.22832131],
       [ 0.17170422,  0.15122889],
       [-0.11060097,  0.16954218],
       [ 0.25894436,  0.1131172 ],
       [-0.14356713,  0.2180168 ],
       [ 0.13477372,  0.07863182],
       [-0.07519742,  0.1113262 ],
       [-0.02282804,  0.1608464 ],
       [ 0.10560874,  0.21550936],
       [-0.31162316,  0.23026809],
       [ 0.31268272,  0.09786768],
       [-0.02036021,  0.06037702],
       [-0.18890229,  0.19152655],
       [-0.06093151,  0.12388542],
       [ 0.06653123,  0.14413083],
       [ 0.16805868,  0.19700496],
       [ 0.01746019,  0.17359824],
       [-0.16814455,  0.20226496],
       [-0.00965432,  0.13858789],
       [-0.00498145,  0.10609257],
       [ 0.14004609,  0.04521778],
       [ 0.08359677,  0.13681608],
       [-0.07988701,  0.17669402],
       [-0.24988975,  0.1765364 ],
       [ 0.24102719,  0.07478676],
       [ 0.00950229,  0.09640113],
       [-0.07146312,  0.20647343],
       [ 0.09946796,  0.13050646],
       [ 0.00349592,  0.14394727],
       [-0.13057157,  0.23129894],
       [ 0.04021472,  0.19561496],
       [-0.10470225,  0.11678504],
       [ 0.22880386,  0.11779363],
       [-0.31602296,  0.23411994]], dtype=float32)}",10.955786458936204,56.10000000000001
5950,804.5478273619055,"{0: [0, 0, 0, 0, 0, 0, 0, 0, 0, 0, 1, 2, 10, 5, 6, 36, 133, 171, 119, 57, 17, 4, 0, 0, 0, 0, 0, 0, 0, 0]}",[804.5478273619055],"{'state': array([[ 0.00000000e+00,  0.00000000e+00,  0.00000000e+00,
         0.00000000e+00,  0.00000000e+00],
       [-2.62198485e-02, -9.99820709e-01,  1.89347584e-02,
        -2.23091349e-01, -3.48211765e-01],
       [ 2.72964966e-02, -9.98202085e-01, -5.99382706e-02,
         7.56300092e-01,  1.09617317e+00],
       [ 2.24341437e-01, -9.49998081e-01, -3.12255740e-01,
         1.55489254e+00,  1.81140816e+00],
       [ 5.31472564e-01, -8.18948686e-01, -5.73866785e-01,
         2.27809620e+00,  1.72684133e+00],
       [ 1.01077092e+00, -6.60843730e-01, -7.50523508e-01,
         3.04671121e+00,  8.06279182e-01],
       [ 1.68373334e+00, -6.60665751e-01, -7.50680208e-01,
         3.68290663e+00, -8.04013014e-01],
       [ 1.85903740e+00, -9.75191236e-01,  2.21364096e-01,
        -6.20408356e-01, -6.94237185e+00],
       [ 1.76282692e+00, -5.10006249e-01,  8.60170722e-01,
        -9.53836858e-01, -6.33894300e+00],
       [ 1.56761825e+00,  3.45135838e-01,  9.38552737e-01,
        -1.38518333e+00, -3.98912740e+00],
       [ 1.34198022e+00,  8.15345347e-01,  5.78974903e-01,
        -8.89150083e-01, -2.23730826e+00],
       [ 1.17607999e+00,  9.51776743e-01,  3.06791544e-01,
        -8.56654882e-01, -1.10551262e+00],
       [ 1.03883111e+00,  9.91687059e-01,  1.28673226e-01,
        -5.84609866e-01, -9.06476736e-01],
       [ 8.77246916e-01,  9.99314547e-01,  3.70202139e-02,
        -1.02934289e+00, -5.90475500e-02],
       [ 6.85731947e-01,  9.99590099e-01,  2.86294259e-02,
        -9.86420989e-01, -3.33770327e-02],
       [ 4.60876137e-01,  9.97392476e-01,  7.21682385e-02,
        -1.26309812e+00,  4.91267860e-01],
       [ 2.77194083e-01,  9.94209111e-01,  1.07462563e-01,
        -6.71244085e-01, -1.00608535e-01],
       [ 1.79688245e-01,  9.95387077e-01,  9.59405825e-02,
        -5.47368050e-01, -4.88944352e-02],
       [ 1.03395827e-01,  9.96597707e-01,  8.24196413e-02,
        -3.49923253e-01, -1.16721593e-01],
       [ 4.15665135e-02,  9.96958256e-01,  7.79377446e-02,
        -3.36977869e-01,  6.47116303e-02],
       [ 1.64506976e-02,  9.98173773e-01,  6.04080558e-02,
         2.33648960e-02, -2.91628897e-01],
       [ 1.95945837e-02,  9.99799669e-01,  2.00148635e-02,
         1.23992544e-02, -1.76054761e-01],
       [ 1.92758942e-03,  9.99832571e-01,  1.82993878e-02,
        -1.89026639e-01,  1.58022225e-01],
       [-1.72917042e-02,  9.99522567e-01,  3.08978334e-02,
        -2.47873645e-02, -1.22095039e-02],
       [-2.82203034e-02,  9.98931229e-01,  4.62218262e-02,
        -9.05821472e-02,  1.81018874e-01],
       [-1.22474518e-03,  9.99688983e-01,  2.49396525e-02,
         4.08604324e-01, -4.40884769e-01],
       [ 3.06463744e-02,  9.99975324e-01,  7.02194264e-03,
        -3.32972817e-02,  2.22322315e-01],
       [ 3.84973027e-02,  9.99655426e-01,  2.62500625e-02,
         1.31073669e-01,  2.59240046e-02],
       [ 6.86808750e-02,  9.99696434e-01,  2.46386547e-02,
         2.24057689e-01, -4.55843285e-02],
       [ 1.39228031e-01,  9.99706507e-01, -2.42255051e-02,
         5.60806990e-01, -5.19778430e-01],
       [ 1.85160786e-01,  9.98954594e-01, -4.57131378e-02,
        -7.68023804e-02,  2.82894045e-01],
       [ 1.87015474e-01,  9.99694645e-01, -2.47115791e-02,
         9.58698913e-02, -5.15787564e-02],
       [ 1.94589302e-01,  9.99666929e-01, -2.58085132e-02,
        -1.61194988e-02,  3.94952372e-02],
       [ 1.72983721e-01,  9.99993145e-01,  3.70613346e-03,
        -2.11953998e-01,  2.85480738e-01],
       [ 1.55399129e-01,  9.99593675e-01,  2.85033062e-02,
         4.58275061e-03,  1.70596056e-02],
       [ 1.86192155e-01,  9.99970078e-01, -7.73361092e-03,
         3.58400255e-01, -4.59146231e-01],
       [ 2.04892054e-01,  9.99570131e-01, -2.93189362e-02,
        -1.61068335e-01,  2.21375778e-01],
       [ 1.89822644e-01,  9.99910176e-01, -1.34010501e-02,
        -2.75931247e-02, -1.58767216e-02],
       [ 1.81987688e-01,  9.99896228e-01, -1.44050624e-02,
        -6.45625517e-02,  3.62826139e-03],
       [ 1.63041115e-01,  9.99981761e-01, -6.03851257e-03,
        -1.46128193e-01,  9.31690484e-02],
       [ 1.45844489e-01,  9.99994695e-01, -3.25553585e-03,
        -4.50046100e-02, -6.09705336e-02],
       [ 1.38036028e-01,  9.99866605e-01, -1.63317639e-02,
        -4.14843149e-02, -9.03147981e-02],
       [ 9.54301506e-02,  9.99907076e-01,  1.36310114e-02,
        -4.07650501e-01,  4.20197219e-01],
       [ 6.18923753e-02,  9.99206841e-01,  3.98204103e-02,
        -1.20731816e-02, -8.19276571e-02],
       [ 6.28129095e-02,  9.99580324e-01,  2.89686862e-02,
         2.31156740e-02, -5.05139977e-02],
       [ 7.39359334e-02,  9.99878705e-01,  1.55736934e-02,
         1.00751482e-01, -1.04494162e-01],
       [ 9.97922421e-02,  9.99919236e-01, -1.27075622e-02,
         1.87127262e-01, -2.22698510e-01],
       [ 1.06157832e-01,  9.99848366e-01, -1.74140297e-02,
        -1.12140328e-01,  1.65271044e-01],
       [ 1.07363328e-01,  9.99756575e-01, -2.20633168e-02,
         1.25626907e-01, -2.19056815e-01],
       [ 9.30048004e-02,  9.99888420e-01, -1.49400216e-02,
        -2.76921809e-01,  2.97500044e-01],
       [ 4.76174727e-02,  9.99441147e-01,  3.34271677e-02,
        -2.57992864e-01,  2.92531788e-01],
       [ 3.53165902e-02,  9.98951733e-01,  4.57758866e-02,
         1.03991300e-01, -1.32953644e-01],
       [ 5.28889224e-02,  9.99501050e-01,  3.15848254e-02,
         1.03019617e-01, -4.02654484e-02],
       [ 9.24315453e-02,  9.99997318e-01, -2.32389756e-03,
         3.62854838e-01, -3.73432934e-01],
       [ 1.35876343e-01,  9.99111235e-01, -4.21512909e-02,
         1.20703213e-01, -8.75361636e-02],
       [ 1.29013255e-01,  9.99657393e-01, -2.61744801e-02,
        -1.93298385e-01,  2.63572186e-01],
       [ 1.08474128e-01,  9.99996901e-01, -2.50097923e-03,
        -4.88029942e-02,  2.52085049e-02]], dtype=float32), 'action': array([-0.17879054,  0.50261986,  0.49836394,  0.5068809 ,  0.49432483,
        0.37667596, -0.32399648, -0.4530679 , -0.4147431 ,  0.26157716,
        0.03908457,  0.16149679, -0.22364521,  0.02547395, -0.1391449 ,
        0.32707736,  0.08673922,  0.12574609,  0.0129172 ,  0.23661496,
       -0.00350377, -0.10243828,  0.09563535, -0.03301488,  0.3047294 ,
       -0.26642507,  0.10686993,  0.0580725 ,  0.19264261, -0.348019  ,
        0.09117492, -0.06243804, -0.10690995,  0.13221195,  0.21494435,
       -0.28283444,  0.08434837, -0.02335008, -0.04736373,  0.05751137,
        0.00133433, -0.19856898,  0.25626078,  0.02369217,  0.04594751,
        0.04950908, -0.18223226,  0.13462894, -0.21946697,  0.01208483,
        0.2355733 ,  0.00209905,  0.1583407 , -0.14002578, -0.17255694,
        0.08648293,  0.04648234], dtype=float32), 'dt': array([14, 20, 17, 16, 18, 20, 22, 12, 17, 20, 19, 19, 20, 19, 20, 19, 16,
       17, 18, 16, 18, 20, 18, 19, 17, 17, 16, 17, 18, 19, 19, 19, 19, 17,
       17, 19, 16, 17, 18, 18, 18, 19, 16, 17, 18, 18, 17, 18, 19, 17, 16,
       17, 17, 18, 19, 17, 18], dtype=int32), 'latent_action': array([[ 0.76374876,  0.7690292 ],
       [-0.73968244, -0.7323847 ],
       [-0.78444886, -0.74411196],
       [-0.7286007 , -0.7533642 ],
       [-0.7597409 , -0.796107  ],
       [-0.7157914 , -0.79884076],
       [ 0.78287745, -0.5744326 ],
       [ 0.71832484,  0.73577875],
       [ 0.7278872 ,  0.23995502],
       [-0.05829044, -0.7241879 ],
       [ 0.2341188 , -0.7707249 ],
       [-0.00942349, -0.73774064],
       [ 0.6536797 , -0.7651727 ],
       [ 0.2958027 , -0.7789948 ],
       [ 0.28434816, -0.76538646],
       [-0.33575207, -0.7640621 ],
       [ 0.05827118, -0.77215004],
       [-0.04862941, -0.75951487],
       [ 0.05898816, -0.7948648 ],
       [-0.21411453, -0.78818727],
       [ 0.22727259, -0.740161  ],
       [ 0.34877974, -0.73547757],
       [-0.02663834, -0.73914313],
       [ 0.09534011, -0.7570915 ],
       [-0.41147834, -0.76959026],
       [ 0.48673546, -0.77121675],
       [-0.16008218, -0.7737719 ],
       [-0.18275622, -0.77618253],
       [-0.11623417, -0.73901224],
       [ 0.76755136, -0.7440572 ],
       [-0.04574466, -0.8000611 ],
       [ 0.29869765, -0.7539296 ],
       [ 0.2463886 , -0.74407595],
       [-0.1714671 , -0.7527205 ],
       [-0.13413508, -0.79753953],
       [ 0.64286196, -0.7777899 ],
       [ 0.054707  , -0.75125206],
       [ 0.22883092, -0.7349436 ],
       [ 0.2892237 , -0.7795414 ],
       [ 0.15659927, -0.76542413],
       [ 0.22685072, -0.7380731 ],
       [ 0.43382066, -0.7725769 ],
       [-0.29208228, -0.7776697 ],
       [ 0.01501371, -0.7178911 ],
       [ 0.04660173, -0.72665036],
       [ 0.12837756, -0.7388147 ],
       [ 0.39940858, -0.7716936 ],
       [ 0.0484505 , -0.7161974 ],
       [ 0.45173326, -0.75833535],
       [ 0.08722331, -0.741554  ],
       [-0.29660276, -0.75170124],
       [-0.00465807, -0.79479784],
       [-0.09958431, -0.76674795],
       [ 0.45315412, -0.73344946],
       [ 0.3992613 , -0.7459501 ],
       [ 0.07987624, -0.73770666],
       [ 0.18006377, -0.7749063 ]], dtype=float32), 'hybrid_action': array([[-0.17879054, -0.09855584],
       [ 0.50261986,  0.27678382],
       [ 0.49836394,  0.11176471],
       [ 0.5068809 ,  0.02707843],
       [ 0.49432483,  0.19863877],
       [ 0.37667596,  0.34279975],
       [-0.32399648,  0.44423276],
       [-0.4530679 , -0.22617307],
       [-0.4147431 ,  0.091493  ],
       [ 0.26157716,  0.32806388],
       [ 0.03908457,  0.23224783],
       [ 0.16149679,  0.21187842],
       [-0.22364521,  0.30331957],
       [ 0.02547395,  0.2224247 ],
       [-0.1391449 ,  0.2775112 ],
       [ 0.32707736,  0.2662797 ],
       [ 0.08673922,  0.05961392],
       [ 0.12574609,  0.1269498 ],
       [ 0.0129172 ,  0.16221437],
       [ 0.23661496,  0.0551952 ],
       [-0.00350377,  0.19347914],
       [-0.10243828,  0.27948034],
       [ 0.09563535,  0.1533682 ],
       [-0.03301488,  0.21334723],
       [ 0.3047294 ,  0.12175834],
       [-0.26642507,  0.10900234],
       [ 0.10686993,  0.00471608],
       [ 0.0580725 ,  0.09514321],
       [ 0.19264261,  0.14230499],
       [-0.348019  ,  0.2648297 ],
       [ 0.09117492,  0.20689677],
       [-0.06243804,  0.23640044],
       [-0.10690995,  0.2136141 ],
       [ 0.13221195,  0.07765452],
       [ 0.21494435,  0.0759813 ],
       [-0.28283444,  0.24141145],
       [ 0.08434837,  0.06648005],
       [-0.02335008,  0.1236643 ],
       [-0.04736373,  0.16381304],
       [ 0.05751137,  0.1782658 ],
       [ 0.00133433,  0.1723696 ],
       [-0.19856898,  0.254186  ],
       [ 0.25626078,  0.02910777],
       [ 0.02369217,  0.07119656],
       [ 0.04594751,  0.19407238],
       [ 0.04950908,  0.18145248],
       [-0.18223226,  0.1230417 ],
       [ 0.13462894,  0.1894775 ],
       [-0.21946697,  0.2587368 ],
       [ 0.01208483,  0.07208945],
       [ 0.2355733 ,  0.04151706],
       [ 0.00209905,  0.10559295],
       [ 0.1583407 ,  0.0872354 ],
       [-0.14002578,  0.16594478],
       [-0.17255694,  0.24676023],
       [ 0.08648293,  0.10057436],
       [ 0.04648234,  0.2009741 ]], dtype=float32)}",6.166159890733537,56.1
